0.423529
0.521569
0.231373
0.698039
0.725490
0.172549
0.482353
0.584314
0.749020
0.776471
0.776471
0.776471
0.776471
0.737255
0.737255
0.737255
0.737255
0.698039
0.682353
0.396078
0.580392
0.474510
0.086275
0.145098
0.137255
0.109804
0.109804
0.109804
0.196078
0.188235
0.215686
0.207843
0.066667
0.062745
0.200000
0.333333
0.129412
0.070588
0.031373
0.058824
0.309804
0.568627
0.070588
0.070588
0.043137
0.184314
0.419608
0.423529
0.423529
0.462745
0.462745
0.462745
0.462745
0.423529
0.423529
0.423529
0.431373
0.462745
0.462745
0.462745
0.462745
0.462745
0.462745
0.462745
0.423529
0.431373
0.231373
0.607843
0.662745
0.192157
0.470588
0.262745
0.752941
0.737255
0.737255
0.776471
0.737255
0.737255
0.737255
0.737255
0.698039
0.713726
0.466667
0.188235
0.149020
0.149020
0.149020
0.149020
0.137255
0.109804
0.109804
0.172549
0.250980
0.266667
0.211765
0.352941
0.203922
0.074510
0.070588
0.043137
0.105882
0.317647
0.356863
0.082353
0.184314
0.384314
0.419608
0.447059
0.243137
0.047059
0.070588
0.070588
0.031373
0.235294
0.474510
0.423529
0.423529
0.423529
0.423529
0.423529
0.423529
0.423529
0.462745
0.462745
0.501961
0.501961
0.501961
0.501961
0.423529
0.423529
0.266667
0.321569
0.658824
0.533333
0.419608
0.450980
0.737255
0.737255
0.737255
0.737255
0.737255
0.725490
0.729412
0.152941
0.188235
0.188235
0.188235
0.188235
0.149020
0.149020
0.113725
0.117647
0.200000
0.231373
0.301961
0.376471
0.254902
0.109804
0.109804
0.109804
0.258824
0.266667
0.266667
0.305882
0.305882
0.345098
0.392157
0.074510
0.074510
0.305882
0.478431
0.345098
0.345098
0.098039
0.109804
0.313726
0.423529
0.309804
0.168627
0.086275
0.109804
0.176471
0.592157
0.407843
0.458824
0.462745
0.501961
0.501961
0.501961
0.501961
0.501961
0.501961
0.423529
0.423529
0.474510
0.239216
0.658824
0.686275
0.258824
0.513726
0.737255
0.737255
0.737255
0.454902
0.184314
0.160784
0.188235
0.188235
0.188235
0.188235
0.188235
0.188235
0.223529
0.262745
0.301961
0.349020
0.329412
0.305882
0.172549
0.192157
0.313726
0.313726
0.254902
0.254902
0.305882
0.305882
0.305882
0.305882
0.345098
0.305882
0.317647
0.074510
0.070588
0.298039
0.352941
0.325490
0.345098
0.278431
0.278431
0.388235
0.423529
0.423529
0.423529
0.423529
0.415686
0.466667
0.149020
0.184314
0.509804
0.501961
0.501961
0.501961
0.501961
0.501961
0.501961
0.501961
0.423529
0.423529
0.447059
0.274510
0.658824
0.674510
0.160784
0.529412
0.278431
0.207843
0.188235
0.188235
0.188235
0.188235
0.188235
0.188235
0.184314
0.211765
0.282353
0.345098
0.384314
0.384314
0.384314
0.384314
0.384314
0.235294
0.223529
0.305882
0.384314
0.384314
0.333333
0.305882
0.305882
0.341176
0.341176
0.341176
0.341176
0.341176
0.341176
0.356863
0.349020
0.235294
0.270588
0.345098
0.380392
0.341176
0.333333
0.380392
0.423529
0.423529
0.423529
0.462745
0.454902
0.196078
0.223529
0.196078
0.505882
0.501961
0.541176
0.541176
0.541176
0.541176
0.541176
0.541176
0.356863
0.364706
0.380392
0.360784
0.368627
0.149020
0.180392
0.403922
0.337255
0.219608
0.188235
0.188235
0.188235
0.188235
0.239216
0.309804
0.384314
0.384314
0.423529
0.423529
0.423529
0.423529
0.423529
0.396078
0.388235
0.078431
0.125490
0.250980
0.423529
0.423529
0.423529
0.423529
0.423529
0.423529
0.423529
0.462745
0.423529
0.423529
0.423529
0.380392
0.392157
0.196078
0.109804
0.447059
0.462745
0.462745
0.501961
0.501961
0.501961
0.501961
0.541176
0.541176
0.486275
0.156863
0.137255
0.505882
0.541176
0.541176
0.541176
0.541176
0.541176
0.541176
0.541176
0.541176
0.070588
0.109804
0.133333
0.149020
0.149020
0.188235
0.219608
0.372549
0.392157
0.219608
0.188235
0.258824
0.317647
0.352941
0.384314
0.384314
0.423529
0.423529
0.423529
0.462745
0.462745
0.462745
0.462745
0.462745
0.470588
0.423529
0.454902
0.454902
0.462745
0.462745
0.462745
0.462745
0.462745
0.462745
0.462745
0.462745
0.462745
0.423529
0.423529
0.407843
0.180392
0.188235
0.152941
0.447059
0.462745
0.501961
0.501961
0.501961
0.501961
0.541176
0.541176
0.541176
0.529412
0.494118
0.462745
0.541176
0.541176
0.541176
0.541176
0.541176
0.541176
0.541176
0.541176
0.541176
0.070588
0.070588
0.094118
0.149020
0.188235
0.188235
0.188235
0.227451
0.450980
0.274510
0.305882
0.305882
0.345098
0.345098
0.384314
0.427451
0.462745
0.462745
0.501961
0.501961
0.501961
0.501961
0.501961
0.501961
0.501961
0.501961
0.501961
0.462745
0.501961
0.501961
0.501961
0.501961
0.501961
0.501961
0.501961
0.462745
0.462745
0.462745
0.486275
0.411765
0.149020
0.160784
0.192157
0.513726
0.501961
0.501961
0.541176
0.541176
0.541176
0.541176
0.541176
0.541176
0.541176
0.541176
0.541176
0.568627
0.580392
0.580392
0.580392
0.580392
0.580392
0.580392
0.580392
0.580392
0.070588
0.109804
0.109804
0.125490
0.227451
0.266667
0.262745
0.192157
0.486275
0.313726
0.305882
0.345098
0.368627
0.423529
0.462745
0.501961
0.501961
0.541176
0.541176
0.541176
0.541176
0.541176
0.541176
0.541176
0.541176
0.541176
0.501961
0.501961
0.501961
0.501961
0.501961
0.501961
0.501961
0.501961
0.541176
0.541176
0.541176
0.541176
0.501961
0.501961
0.501961
0.501961
0.501961
0.541176
0.541176
0.541176
0.541176
0.541176
0.580392
0.580392
0.580392
0.580392
0.580392
0.580392
0.580392
0.580392
0.580392
0.580392
0.580392
0.580392
0.580392
0.580392
0.580392
0.580392
0.188235
0.215686
0.215686
0.215686
0.227451
0.227451
0.227451
0.227451
0.462745
0.352941
0.376471
0.478431
0.462745
0.501961
0.501961
0.501961
0.541176
0.541176
0.541176
0.541176
0.541176
0.541176
0.541176
0.541176
0.541176
0.541176
0.541176
0.541176
0.541176
0.541176
0.541176
0.541176
0.541176
0.541176
0.541176
0.541176
0.541176
0.541176
0.541176
0.541176
0.541176
0.541176
0.541176
0.541176
0.580392
0.580392
0.580392
0.580392
0.580392
0.580392
0.580392
0.580392
0.580392
0.580392
0.580392
0.580392
0.580392
0.580392
0.580392
0.580392
0.580392
0.580392
0.580392
0.580392
0.266667
0.266667
0.266667
0.266667
0.266667
0.294118
0.333333
0.439216
0.462745
0.501961
0.541176
0.541176
0.541176
0.541176
0.541176
0.541176
0.541176
0.541176
0.541176
0.580392
0.541176
0.541176
0.541176
0.541176
0.541176
0.541176
0.541176
0.541176
0.541176
0.541176
0.541176
0.541176
0.541176
0.541176
0.580392
0.580392
0.580392
0.580392
0.580392
0.580392
0.580392
0.580392
0.580392
0.580392
0.580392
0.580392
0.580392
0.580392
0.580392
0.580392
0.580392
0.580392
0.580392
0.580392
0.580392
0.580392
0.580392
0.580392
0.580392
0.580392
0.580392
0.619608
0.619608
0.619608
0.266667
0.266667
0.250980
0.352941
0.454902
0.458824
0.498039
0.501961
0.501961
0.572549
0.541176
0.541176
0.541176
0.541176
0.576471
0.576471
0.580392
0.580392
0.580392
0.580392
0.580392
0.580392
0.576471
0.576471
0.576471
0.576471
0.576471
0.541176
0.541176
0.541176
0.576471
0.576471
0.580392
0.580392
0.580392
0.580392
0.580392
0.580392
0.580392
0.580392
0.580392
0.580392
0.580392
0.580392
0.580392
0.580392
0.580392
0.580392
0.580392
0.580392
0.580392
0.580392
0.580392
0.580392
0.580392
0.580392
0.588235
0.615686
0.619608
0.619608
0.619608
0.619608
0.619608
0.619608
0.325490
0.423529
0.486275
0.462745
0.462745
0.501961
0.501961
0.501961
0.509804
0.541176
0.541176
0.541176
0.541176
0.580392
0.580392
0.580392
0.580392
0.580392
0.580392
0.580392
0.580392
0.580392
0.580392
0.580392
0.580392
0.580392
0.580392
0.580392
0.580392
0.580392
0.580392
0.580392
0.580392
0.580392
0.580392
0.580392
0.580392
0.580392
0.580392
0.580392
0.580392
0.580392
0.580392
0.580392
0.580392
0.580392
0.580392
0.580392
0.619608
0.619608
0.619608
0.619608
0.619608
0.580392
0.580392
0.607843
0.619608
0.619608
0.619608
0.619608
0.619608
0.619608
0.619608
0.658824
0.462745
0.501961
0.501961
0.501961
0.501961
0.501961
0.541176
0.541176
0.541176
0.541176
0.541176
0.580392
0.580392
0.580392
0.580392
0.580392
0.580392
0.580392
0.580392
0.580392
0.580392
0.580392
0.580392
0.580392
0.580392
0.580392
0.580392
0.580392
0.580392
0.580392
0.580392
0.580392
0.580392
0.580392
0.580392
0.580392
0.580392
0.580392
0.580392
0.580392
0.580392
0.580392
0.580392
0.580392
0.580392
0.580392
0.619608
0.619608
0.619608
0.619608
0.619608
0.619608
0.619608
0.619608
0.619608
0.619608
0.619608
0.619608
0.619608
0.619608
0.619608
0.658824
0.658824
0.658824
0.501961
0.501961
0.501961
0.525490
0.525490
0.541176
0.541176
0.541176
0.541176
0.541176
0.564706
0.580392
0.580392
0.580392
0.580392
0.580392
0.580392
0.580392
0.580392
0.580392
0.580392
0.580392
0.580392
0.580392
0.580392
0.580392
0.580392
0.580392
0.580392
0.580392
0.580392
0.580392
0.580392
0.580392
0.580392
0.580392
0.580392
0.580392
0.603922
0.603922
0.603922
0.603922
0.580392
0.603922
0.603922
0.619608
0.619608
0.619608
0.619608
0.619608
0.619608
0.619608
0.619608
0.619608
0.619608
0.619608
0.619608
0.619608
0.619608
0.619608
0.658824
0.658824
0.658824
0.658824
0.501961
0.541176
0.541176
0.541176
0.541176
0.541176
0.541176
0.541176
0.541176
0.541176
0.580392
0.580392
0.580392
0.580392
0.580392
0.580392
0.580392
0.619608
0.619608
0.619608
0.619608
0.619608
0.580392
0.580392
0.580392
0.580392
0.580392
0.580392
0.580392
0.580392
0.580392
0.580392
0.580392
0.580392
0.580392
0.580392
0.619608
0.619608
0.619608
0.619608
0.619608
0.619608
0.619608
0.619608
0.619608
0.619608
0.619608
0.619608
0.619608
0.619608
0.619608
0.619608
0.619608
0.619608
0.619608
0.619608
0.619608
0.619608
0.619608
0.658824
0.658824
0.658824
0.658824
0.658824
0.541176
0.541176
0.541176
0.541176
0.541176
0.541176
0.541176
0.541176
0.549020
0.580392
0.580392
0.580392
0.580392
0.580392
0.619608
0.619608
0.619608
0.619608
0.619608
0.619608
0.619608
0.619608
0.619608
0.619608
0.619608
0.619608
0.619608
0.580392
0.580392
0.580392
0.619608
0.619608
0.619608
0.619608
0.619608
0.619608
0.619608
0.619608
0.619608
0.619608
0.619608
0.619608
0.619608
0.619608
0.619608
0.619608
0.619608
0.619608
0.658824
0.658824
0.658824
0.658824
0.658824
0.619608
0.619608
0.647059
0.658824
0.658824
0.658824
0.658824
0.658824
0.658824
0.658824
0.686275
0.541176
0.541176
0.541176
0.541176
0.541176
0.541176
0.541176
0.568627
0.580392
0.580392
0.580392
0.580392
0.580392
0.580392
0.619608
0.619608
0.619608
0.619608
0.619608
0.619608
0.619608
0.619608
0.619608
0.619608
0.619608
0.619608
0.619608
0.619608
0.619608
0.619608
0.619608
0.619608
0.619608
0.619608
0.619608
0.619608
0.619608
0.619608
0.619608
0.619608
0.619608
0.619608
0.619608
0.619608
0.619608
0.619608
0.635294
0.658824
0.658824
0.658824
0.658824
0.658824
0.658824
0.658824
0.658824
0.658824
0.658824
0.658824
0.658824
0.658824
0.658824
0.674510
0.674510
0.603922
0.541176
0.541176
0.541176
0.541176
0.541176
0.580392
0.580392
0.580392
0.580392
0.580392
0.580392
0.580392
0.580392
0.580392
0.619608
0.619608
0.619608
0.619608
0.619608
0.619608
0.619608
0.619608
0.619608
0.619608
0.619608
0.619608
0.619608
0.619608
0.619608
0.619608
0.619608
0.619608
0.619608
0.619608
0.658824
0.658824
0.658824
0.658824
0.658824
0.627451
0.619608
0.619608
0.619608
0.658824
0.619608
0.658824
0.658824
0.658824
0.658824
0.658824
0.658824
0.658824
0.658824
0.658824
0.658824
0.658824
0.658824
0.658824
0.658824
0.658824
0.658824
0.698039
0.725490
0.666667
0.541176
0.541176
0.541176
0.541176
0.541176
0.541176
0.580392
0.580392
0.580392
0.580392
0.580392
0.580392
0.580392
0.619608
0.619608
0.619608
0.619608
0.619608
0.619608
0.619608
0.619608
0.619608
0.619608
0.619608
0.619608
0.619608
0.619608
0.619608
0.619608
0.619608
0.619608
0.619608
0.658824
0.658824
0.658824
0.658824
0.658824
0.658824
0.658824
0.658824
0.658824
0.658824
0.658824
0.658824
0.658824
0.658824
0.658824
0.658824
0.658824
0.658824
0.698039
0.658824
0.658824
0.658824
0.658824
0.658824
0.658824
0.658824
0.698039
0.698039
0.698039
0.698039
0.611765
0.737255
0.541176
0.541176
0.541176
0.541176
0.545098
0.545098
0.580392
0.580392
0.580392
0.580392
0.580392
0.619608
0.619608
0.619608
0.619608
0.619608
0.619608
0.619608
0.619608
0.619608
0.619608
0.619608
0.619608
0.619608
0.619608
0.619608
0.619608
0.619608
0.623529
0.623529
0.623529
0.658824
0.658824
0.658824
0.662745
0.698039
0.698039
0.698039
0.698039
0.698039
0.686275
0.658824
0.658824
0.658824
0.662745
0.658824
0.662745
0.662745
0.698039
0.698039
0.698039
0.698039
0.698039
0.698039
0.698039
0.698039
0.698039
0.698039
0.698039
0.698039
0.698039
0.698039
0.654902
0.737255
0.541176
0.541176
0.541176
0.541176
0.580392
0.580392
0.580392
0.580392
0.580392
0.580392
0.580392
0.619608
0.619608
0.619608
0.619608
0.619608
0.619608
0.619608
0.619608
0.658824
0.658824
0.658824
0.658824
0.658824
0.658824
0.658824
0.658824
0.658824
0.658824
0.658824
0.658824
0.658824
0.658824
0.698039
0.698039
0.698039
0.698039
0.698039
0.698039
0.698039
0.698039
0.698039
0.698039
0.698039
0.698039
0.698039
0.698039
0.698039
0.698039
0.698039
0.698039
0.698039
0.698039
0.698039
0.698039
0.698039
0.698039
0.698039
0.698039
0.698039
0.698039
0.623529
0.749020
0.737255
0.541176
0.541176
0.541176
0.580392
0.580392
0.580392
0.580392
0.580392
0.588235
0.619608
0.580392
0.619608
0.619608
0.619608
0.619608
0.619608
0.619608
0.658824
0.658824
0.658824
0.658824
0.658824
0.658824
0.658824
0.658824
0.658824
0.658824
0.658824
0.658824
0.658824
0.658824
0.658824
0.698039
0.698039
0.698039
0.698039
0.698039
0.698039
0.698039
0.698039
0.698039
0.698039
0.698039
0.698039
0.698039
0.698039
0.698039
0.698039
0.698039
0.698039
0.698039
0.698039
0.698039
0.698039
0.698039
0.705882
0.733333
0.690196
0.631373
0.541176
0.423529
0.352941
0.345098
0.427451
0.541176
0.580392
0.580392
0.580392
0.580392
0.580392
0.580392
0.580392
0.588235
0.619608
0.619608
0.619608
0.619608
0.619608
0.619608
0.619608
0.658824
0.658824
0.658824
0.658824
0.658824
0.658824
0.658824
0.658824
0.658824
0.658824
0.658824
0.658824
0.658824
0.658824
0.658824
0.698039
0.698039
0.698039
0.698039
0.698039
0.698039
0.698039
0.698039
0.698039
0.698039
0.698039
0.698039
0.698039
0.698039
0.698039
0.698039
0.698039
0.698039
0.698039
0.698039
0.439216
0.278431
0.356863
0.572549
0.713726
0.698039
0.678431
0.760784
0.698039
0.611765
0.733333
0.737255
0.737255
0.580392
0.580392
0.580392
0.580392
0.580392
0.580392
0.580392
0.580392
0.588235
0.619608
0.619608
0.619608
0.619608
0.619608
0.619608
0.658824
0.658824
0.658824
0.658824
0.658824
0.658824
0.658824
0.658824
0.658824
0.658824
0.658824
0.658824
0.658824
0.658824
0.658824
0.698039
0.698039
0.698039
0.698039
0.698039
0.698039
0.698039
0.737255
0.737255
0.705882
0.698039
0.698039
0.717647
0.650980
0.396078
0.286275
0.380392
0.627451
0.709804
0.741176
0.698039
0.698039
0.698039
0.698039
0.698039
0.698039
0.698039
0.698039
0.737255
0.670588
0.705882
0.737255
0.737255
0.776471
0.580392
0.580392
0.580392
0.580392
0.580392
0.580392
0.580392
0.607843
0.619608
0.619608
0.619608
0.619608
0.619608
0.619608
0.619608
0.658824
0.658824
0.658824
0.658824
0.658824
0.658824
0.658824
0.658824
0.658824
0.658824
0.658824
0.658824
0.658824
0.658824
0.658824
0.698039
0.698039
0.698039
0.690196
0.721569
0.725490
0.603922
0.462745
0.356863
0.450980
0.631373
0.662745
0.698039
0.698039
0.698039
0.698039
0.737255
0.737255
0.737255
0.737255
0.737255
0.698039
0.698039
0.698039
0.737255
0.737255
0.737255
0.737255
0.737255
0.603922
0.760784
0.737255
0.776471
0.776471
0.580392
0.580392
0.580392
0.580392
0.580392
0.580392
0.580392
0.607843
0.619608
0.619608
0.619608
0.619608
0.619608
0.619608
0.619608
0.658824
0.658824
0.658824
0.658824
0.658824
0.658824
0.658824
0.658824
0.658824
0.658824
0.658824
0.658824
0.658824
0.658824
0.658824
0.458824
0.274510
0.435294
0.635294
0.725490
0.733333
0.698039
0.698039
0.698039
0.698039
0.698039
0.698039
0.698039
0.698039
0.698039
0.698039
0.737255
0.737255
0.737255
0.737255
0.737255
0.737255
0.698039
0.737255
0.737255
0.737255
0.737255
0.737255
0.737255
0.694118
0.737255
0.737255
0.776471
0.776471
0.580392
0.580392
0.580392
0.580392
0.580392
0.580392
0.619608
0.619608
0.619608
0.619608
0.619608
0.619608
0.619608
0.619608
0.619608
0.619608
0.658824
0.658824
0.658824
0.658824
0.658824
0.658824
0.658824
0.631373
0.615686
0.482353
0.239216
0.392157
0.650980
0.670588
0.658824
0.658824
0.658824
0.698039
0.698039
0.698039
0.698039
0.698039
0.698039
0.698039
0.698039
0.698039
0.698039
0.737255
0.737255
0.737255
0.737255
0.737255
0.737255
0.737255
0.713726
0.737255
0.737255
0.737255
0.737255
0.737255
0.737255
0.737255
0.643137
0.760784
0.737255
0.776471
0.776471
0.776471
0.580392
0.580392
0.580392
0.580392
0.580392
0.619608
0.619608
0.619608
0.619608
0.619608
0.619608
0.619608
0.619608
0.619608
0.619608
0.619608
0.619608
0.619608
0.619608
0.600000
0.443137
0.282353
0.313726
0.584314
0.627451
0.658824
0.658824
0.658824
0.658824
0.658824
0.658824
0.658824
0.698039
0.698039
0.698039
0.698039
0.698039
0.698039
0.698039
0.698039
0.698039
0.698039
0.698039
0.737255
0.737255
0.737255
0.737255
0.737255
0.737255
0.737255
0.737255
0.737255
0.737255
0.737255
0.737255
0.737255
0.737255
0.666667
0.725490
0.737255
0.737255
0.737255
0.776471
0.776471
0.580392
0.580392
0.580392
0.580392
0.580392
0.619608
0.619608
0.619608
0.619608
0.619608
0.619608
0.619608
0.619608
0.619608
0.619608
0.431373
0.239216
0.337255
0.572549
0.627451
0.666667
0.619608
0.619608
0.647059
0.658824
0.658824
0.658824
0.658824
0.658824
0.658824
0.658824
0.658824
0.658824
0.658824
0.698039
0.698039
0.698039
0.698039
0.698039
0.698039
0.698039
0.698039
0.698039
0.737255
0.737255
0.737255
0.737255
0.737255
0.737255
0.737255
0.737255
0.737255
0.737255
0.737255
0.737255
0.737255
0.737255
0.588235
0.713726
0.737255
0.737255
0.737255
0.737255
0.737255
0.580392
0.580392
0.580392
0.580392
0.580392
0.580392
0.580392
0.580392
0.592157
0.541176
0.376471
0.176471
0.286275
0.576471
0.635294
0.619608
0.619608
0.619608
0.619608
0.619608
0.619608
0.619608
0.619608
0.619608
0.627451
0.658824
0.658824
0.658824
0.658824
0.658824
0.658824
0.658824
0.658824
0.658824
0.698039
0.698039
0.698039
0.698039
0.698039
0.698039
0.698039
0.698039
0.698039
0.698039
0.737255
0.737255
0.737255
0.698039
0.737255
0.737255
0.737255
0.737255
0.737255
0.737255
0.737255
0.709804
0.615686
0.729412
0.737255
0.737255
0.737255
0.737255
0.737255
0.737255
0.580392
0.580392
0.580392
0.580392
0.576471
0.592157
0.337255
0.188235
0.439216
0.592157
0.580392
0.619608
0.619608
0.619608
0.619608
0.619608
0.619608
0.619608
0.619608
0.619608
0.619608
0.619608
0.619608
0.619608
0.619608
0.619608
0.619608
0.619608
0.658824
0.658824
0.658824
0.658824
0.658824
0.658824
0.658824
0.658824
0.698039
0.698039
0.698039
0.698039
0.698039
0.698039
0.698039
0.698039
0.698039
0.737255
0.737255
0.737255
0.737255
0.737255
0.737255
0.737255
0.737255
0.737255
0.737255
0.709804
0.627451
0.698039
0.698039
0.698039
0.698039
0.698039
0.737255
0.737255
0.580392
0.580392
0.435294
0.223529
0.294118
0.584314
0.580392
0.580392
0.580392
0.580392
0.619608
0.619608
0.619608
0.580392
0.619608
0.619608
0.619608
0.619608
0.619608
0.619608
0.619608
0.619608
0.619608
0.619608
0.619608
0.619608
0.619608
0.619608
0.658824
0.658824
0.658824
0.658824
0.658824
0.658824
0.658824
0.658824
0.658824
0.698039
0.698039
0.698039
0.698039
0.698039
0.698039
0.698039
0.698039
0.737255
0.737255
0.737255
0.737255
0.698039
0.737255
0.737255
0.737255
0.737255
0.705882
0.619608
0.705882
0.737255
0.698039
0.698039
0.698039
0.698039
0.698039
0.737255
0.254902
0.458824
0.521569
0.580392
0.580392
0.580392
0.580392
0.580392
0.580392
0.580392
0.580392
0.580392
0.580392
0.619608
0.619608
0.619608
0.619608
0.619608
0.619608
0.619608
0.619608
0.619608
0.619608
0.619608
0.619608
0.619608
0.619608
0.619608
0.619608
0.619608
0.619608
0.658824
0.658824
0.658824
0.658824
0.658824
0.698039
0.698039
0.698039
0.698039
0.698039
0.698039
0.698039
0.698039
0.698039
0.698039
0.698039
0.698039
0.698039
0.698039
0.698039
0.698039
0.698039
0.737255
0.686275
0.647059
0.725490
0.698039
0.698039
0.698039
0.698039
0.698039
0.698039
0.698039
0.580392
0.580392
0.580392
0.580392
0.580392
0.580392
0.580392
0.580392
0.580392
0.580392
0.580392
0.580392
0.580392
0.580392
0.580392
0.580392
0.580392
0.580392
0.580392
0.580392
0.619608
0.619608
0.619608
0.619608
0.619608
0.619608
0.619608
0.619608
0.619608
0.619608
0.619608
0.658824
0.658824
0.658824
0.658824
0.658824
0.698039
0.698039
0.698039
0.698039
0.698039
0.698039
0.698039
0.698039
0.698039
0.698039
0.698039
0.698039
0.698039
0.698039
0.698039
0.698039
0.698039
0.674510
0.588235
0.705882
0.698039
0.698039
0.698039
0.698039
0.698039
0.698039
0.698039
0.698039
0.580392
0.580392
0.580392
0.580392
0.580392
0.580392
0.580392
0.580392
0.580392
0.580392
0.580392
0.580392
0.580392
0.580392
0.580392
0.580392
0.580392
0.580392
0.580392
0.580392
0.580392
0.619608
0.619608
0.619608
0.619608
0.619608
0.619608
0.619608
0.619608
0.619608
0.619608
0.658824
0.658824
0.658824
0.658824
0.658824
0.698039
0.698039
0.658824
0.686275
0.698039
0.698039
0.698039
0.698039
0.698039
0.698039
0.698039
0.698039
0.698039
0.698039
0.698039
0.698039
0.698039
0.686275
0.619608
0.698039
0.698039
0.698039
0.698039
0.698039
0.698039
0.698039
0.698039
0.698039
0.580392
0.580392
0.580392
0.580392
0.580392
0.580392
0.580392
0.580392
0.580392
0.580392
0.580392
0.580392
0.580392
0.580392
0.580392
0.580392
0.580392
0.580392
0.580392
0.580392
0.580392
0.580392
0.580392
0.607843
0.619608
0.619608
0.619608
0.619608
0.619608
0.619608
0.619608
0.658824
0.658824
0.658824
0.658824
0.658824
0.658824
0.658824
0.658824
0.658824
0.666667
0.698039
0.698039
0.698039
0.698039
0.698039
0.698039
0.698039
0.698039
0.698039
0.698039
0.698039
0.682353
0.584314
0.698039
0.698039
0.698039
0.698039
0.698039
0.698039
0.658824
0.658824
0.698039
0.698039
0.580392
0.580392
0.580392
0.580392
0.580392
0.580392
0.580392
0.580392
0.580392
0.580392
0.580392
0.580392
0.580392
0.580392
0.580392
0.580392
0.580392
0.580392
0.580392
0.580392
0.580392
0.580392
0.580392
0.607843
0.619608
0.619608
0.619608
0.619608
0.619608
0.619608
0.658824
0.658824
0.619608
0.658824
0.658824
0.658824
0.658824
0.658824
0.658824
0.658824
0.658824
0.658824
0.698039
0.698039
0.658824
0.658824
0.658824
0.698039
0.658824
0.698039
0.698039
0.658824
0.658824
0.623529
0.658824
0.658824
0.658824
0.658824
0.658824
0.658824
0.658824
0.658824
0.658824
0.698039
0.580392
0.580392
0.580392
0.580392
0.580392
0.580392
0.580392
0.580392
0.580392
0.580392
0.580392
0.580392
0.580392
0.580392
0.580392
0.580392
0.580392
0.580392
0.580392
0.580392
0.580392
0.580392
0.580392
0.580392
0.588235
0.619608
0.619608
0.619608
0.619608
0.619608
0.658824
0.658824
0.658824
0.619608
0.658824
0.658824
0.658824
0.658824
0.658824
0.658824
0.658824
0.658824
0.658824
0.658824
0.658824
0.658824
0.658824
0.658824
0.658824
0.658824
0.698039
0.658824
0.556863
0.698039
0.658824
0.658824
0.658824
0.658824
0.658824
0.658824
0.658824
0.658824
0.658824
0.658824
0.580392
0.580392
0.541176
0.541176
0.541176
0.541176
0.580392
0.580392
0.580392
0.580392
0.580392
0.580392
0.580392
0.580392
0.580392
0.580392
0.580392
0.580392
0.580392
0.580392
0.580392
0.580392
0.580392
0.580392
0.588235
0.619608
0.619608
0.619608
0.619608
0.619608
0.619608
0.619608
0.658824
0.619608
0.658824
0.658824
0.658824
0.658824
0.658824
0.658824
0.658824
0.658824
0.658824
0.658824
0.658824
0.658824
0.658824
0.658824
0.658824
0.658824
0.658824
0.596078
0.631373
0.658824
0.658824
0.658824
0.658824
0.658824
0.658824
0.658824
0.658824
0.658824
0.658824
0.698039
0.541176
0.541176
0.541176
0.580392
0.541176
0.541176
0.580392
0.580392
0.580392
0.580392
0.580392
0.580392
0.580392
0.580392
0.580392
0.580392
0.580392
0.580392
0.580392
0.580392
0.580392
0.580392
0.619608
0.619608
0.619608
0.619608
0.619608
0.619608
0.619608
0.619608
0.619608
0.619608
0.658824
0.619608
0.619608
0.619608
0.658824
0.658824
0.658824
0.658824
0.647059
0.619608
0.658824
0.658824
0.658824
0.658824
0.658824
0.658824
0.658824
0.658824
0.627451
0.556863
0.658824
0.658824
0.658824
0.658824
0.658824
0.658824
0.658824
0.658824
0.658824
0.658824
0.658824
0.658824
0.541176
0.541176
0.580392
0.580392
0.541176
0.580392
0.580392
0.580392
0.580392
0.580392
0.580392
0.580392
0.580392
0.580392
0.580392
0.580392
0.580392
0.580392
0.580392
0.580392
0.580392
0.580392
0.580392
0.607843
0.619608
0.619608
0.619608
0.619608
0.619608
0.619608
0.619608
0.619608
0.619608
0.619608
0.658824
0.619608
0.619608
0.619608
0.619608
0.619608
0.619608
0.619608
0.658824
0.658824
0.658824
0.658824
0.658824
0.658824
0.658824
0.658824
0.654902
0.596078
0.658824
0.658824
0.658824
0.658824
0.658824
0.658824
0.658824
0.658824
0.658824
0.658824
0.658824
0.619608
0.541176
0.541176
0.541176
0.580392
0.541176
0.541176
0.541176
0.568627
0.580392
0.580392
0.580392
0.580392
0.580392
0.580392
0.580392
0.580392
0.580392
0.580392
0.580392
0.580392
0.580392
0.580392
0.619608
0.619608
0.619608
0.619608
0.619608
0.619608
0.619608
0.619608
0.619608
0.619608
0.619608
0.619608
0.619608
0.619608
0.619608
0.619608
0.658824
0.658824
0.658824
0.658824
0.619608
0.619608
0.619608
0.658824
0.658824
0.658824
0.658824
0.619608
0.545098
0.658824
0.658824
0.658824
0.658824
0.658824
0.658824
0.658824
0.658824
0.658824
0.658824
0.658824
0.658824
0.658824
0.576471
0.576471
0.576471
0.576471
0.576471
0.576471
0.576471
0.580392
0.580392
0.580392
0.580392
0.580392
0.580392
0.580392
0.580392
0.580392
0.580392
0.580392
0.580392
0.580392
0.580392
0.619608
0.619608
0.619608
0.619608
0.619608
0.619608
0.619608
0.619608
0.619608
0.619608
0.619608
0.619608
0.619608
0.619608
0.619608
0.619608
0.619608
0.619608
0.619608
0.619608
0.619608
0.619608
0.623529
0.658824
0.623529
0.619608
0.623529
0.623529
0.572549
0.596078
0.658824
0.658824
0.658824
0.658824
0.631373
0.631373
0.658824
0.658824
0.658824
0.658824
0.658824
0.658824
0.658824
0.580392
0.541176
0.541176
0.580392
0.580392
0.580392
0.580392
0.580392
0.580392
0.580392
0.580392
0.580392
0.580392
0.580392
0.580392
0.580392
0.580392
0.580392
0.580392
0.580392
0.580392
0.580392
0.619608
0.619608
0.619608
0.619608
0.619608
0.619608
0.619608
0.619608
0.619608
0.619608
0.658824
0.658824
0.619608
0.619608
0.619608
0.619608
0.619608
0.647059
0.647059
0.619608
0.619608
0.619608
0.619608
0.619608
0.619608
0.658824
0.619608
0.513726
0.603922
0.658824
0.619608
0.658824
0.658824
0.627451
0.627451
0.658824
0.658824
0.658824
0.658824
0.658824
0.658824
0.658824
0.541176
0.541176
0.541176
0.580392
0.580392
0.580392
0.580392
0.580392
0.580392
0.580392
0.580392
0.580392
0.580392
0.580392
0.580392
0.580392
0.580392
0.580392
0.580392
0.580392
0.619608
0.619608
0.619608
0.619608
0.619608
0.619608
0.619608
0.619608
0.619608
0.619608
0.619608
0.619608
0.658824
0.619608
0.619608
0.619608
0.619608
0.619608
0.619608
0.619608
0.619608
0.619608
0.619608
0.619608
0.619608
0.619608
0.658824
0.658824
0.588235
0.568627
0.658824
0.619608
0.619608
0.658824
0.658824
0.658824
0.658824
0.658824
0.658824
0.658824
0.658824
0.658824
0.658824
0.658824
0.541176
0.541176
0.541176
0.556863
0.580392
0.580392
0.580392
0.580392
0.580392
0.580392
0.580392
0.580392
0.580392
0.580392
0.580392
0.580392
0.580392
0.580392
0.603922
0.619608
0.619608
0.619608
0.619608
0.619608
0.619608
0.619608
0.619608
0.619608
0.619608
0.619608
0.619608
0.619608
0.619608
0.619608
0.619608
0.619608
0.619608
0.619608
0.619608
0.619608
0.619608
0.619608
0.619608
0.619608
0.643137
0.619608
0.643137
0.615686
0.521569
0.615686
0.635294
0.619608
0.619608
0.635294
0.658824
0.639216
0.639216
0.658824
0.658824
0.658824
0.658824
0.658824
0.658824
0.658824
0.541176
0.541176
0.541176
0.541176
0.580392
0.580392
0.580392
0.580392
0.580392
0.580392
0.580392
0.580392
0.580392
0.580392
0.580392
0.580392
0.580392
0.580392
0.580392
0.619608
0.619608
0.619608
0.619608
0.619608
0.619608
0.619608
0.619608
0.619608
0.619608
0.619608
0.619608
0.619608
0.658824
0.619608
0.619608
0.619608
0.619608
0.619608
0.619608
0.619608
0.619608
0.619608
0.658824
0.619608
0.619608
0.619608
0.619608
0.607843
0.576471
0.619608
0.619608
0.619608
0.619608
0.658824
0.658824
0.658824
0.658824
0.658824
0.658824
0.658824
0.658824
0.658824
0.658824
0.658824
0.580392
0.580392
0.580392
0.580392
0.580392
0.580392
0.580392
0.580392
0.580392
0.580392
0.580392
0.580392
0.580392
0.580392
0.580392
0.580392
0.580392
0.580392
0.619608
0.619608
0.619608
0.619608
0.619608
0.619608
0.619608
0.619608
0.619608
0.619608
0.619608
0.619608
0.619608
0.619608
0.619608
0.619608
0.619608
0.619608
0.619608
0.619608
0.619608
0.619608
0.619608
0.619608
0.619608
0.619608
0.619608
0.619608
0.619608
0.549020
0.619608
0.619608
0.619608
0.658824
0.658824
0.658824
0.658824
0.627451
0.686275
0.658824
0.619608
0.619608
0.658824
0.619608
0.619608
0.619608
0.580392
0.580392
0.580392
0.580392
0.580392
0.580392
0.580392
0.580392
0.580392
0.580392
0.580392
0.580392
0.580392
0.580392
0.580392
0.580392
0.580392
0.619608
0.619608
0.619608
0.619608
0.619608
0.619608
0.619608
0.619608
0.619608
0.619608
0.619608
0.619608
0.619608
0.619608
0.619608
0.619608
0.619608
0.619608
0.619608
0.619608
0.619608
0.619608
0.619608
0.619608
0.619608
0.619608
0.619608
0.619608
0.619608
0.611765
0.596078
0.619608
0.619608
0.619608
0.619608
0.658824
0.658824
0.658824
0.639216
0.639216
0.658824
0.658824
0.658824
0.658824
0.643137
0.682353
0.658824
0.580392
0.580392
0.580392
0.580392
0.580392
0.580392
0.580392
0.580392
0.580392
0.580392
0.580392
0.580392
0.580392
0.580392
0.580392
0.580392
0.619608
0.619608
0.619608
0.619608
0.619608
0.619608
0.619608
0.619608
0.619608
0.619608
0.619608
0.619608
0.619608
0.619608
0.619608
0.619608
0.619608
0.619608
0.619608
0.619608
0.619608
0.619608
0.619608
0.619608
0.619608
0.619608
0.619608
0.619608
0.619608
0.619608
0.541176
0.623529
0.619608
0.619608
0.658824
0.619608
0.658824
0.658824
0.658824
0.658824
0.658824
0.658824
0.658824
0.658824
0.658824
0.658824
0.658824
0.658824
0.580392
0.541176
0.580392
0.580392
0.580392
0.541176
0.580392
0.580392
0.580392
0.580392
0.580392
0.580392
0.580392
0.580392
0.580392
0.580392
0.619608
0.619608
0.619608
0.619608
0.619608
0.619608
0.619608
0.619608
0.619608
0.619608
0.619608
0.619608
0.619608
0.619608
0.619608
0.619608
0.619608
0.619608
0.619608
0.619608
0.619608
0.619608
0.619608
0.619608
0.619608
0.619608
0.619608
0.619608
0.619608
0.564706
0.592157
0.619608
0.619608
0.658824
0.619608
0.619608
0.619608
0.619608
0.619608
0.619608
0.627451
0.658824
0.658824
0.658824
0.619608
0.658824
0.619608
0.588235
0.580392
0.580392
0.580392
0.580392
0.580392
0.580392
0.580392
0.580392
0.580392
0.580392
0.580392
0.580392
0.580392
0.580392
0.580392
0.584314
0.619608
0.619608
0.619608
0.619608
0.619608
0.619608
0.619608
0.619608
0.619608
0.619608
0.619608
0.619608
0.619608
0.619608
0.619608
0.619608
0.619608
0.619608
0.619608
0.619608
0.619608
0.615686
0.619608
0.619608
0.619608
0.619608
0.619608
0.619608
0.619608
0.537255
0.596078
0.619608
0.619608
0.619608
0.619608
0.619608
0.619608
0.619608
0.619608
0.619608
0.627451
0.654902
0.654902
0.658824
0.658824
0.615686
0.447059
0.254902
0.580392
0.580392
0.580392
0.580392
0.580392
0.580392
0.580392
0.580392
0.580392
0.580392
0.580392
0.580392
0.580392
0.580392
0.580392
0.619608
0.619608
0.619608
0.619608
0.619608
0.619608
0.619608
0.619608
0.619608
0.619608
0.619608
0.619608
0.619608
0.619608
0.619608
0.619608
0.619608
0.619608
0.619608
0.619608
0.619608
0.619608
0.580392
0.619608
0.619608
0.619608
0.619608
0.635294
0.658824
0.596078
0.596078
0.619608
0.619608
0.619608
0.619608
0.619608
0.619608
0.619608
0.619608
0.619608
0.647059
0.658824
0.658824
0.658824
0.658824
0.658824
0.360784
0.227451
0.250980
0.580392
0.580392
0.580392
0.580392
0.580392
0.580392
0.580392
0.580392
0.580392
0.580392
0.580392
0.580392
0.580392
0.619608
0.619608
0.619608
0.619608
0.619608
0.619608
0.619608
0.619608
0.619608
0.619608
0.619608
0.619608
0.619608
0.619608
0.619608
0.619608
0.619608
0.619608
0.619608
0.619608
0.619608
0.619608
0.619608
0.619608
0.619608
0.619608
0.619608
0.619608
0.619608
0.658824
0.658824
0.549020
0.635294
0.619608
0.619608
0.654902
0.658824
0.619608
0.619608
0.619608
0.658824
0.619608
0.619608
0.627451
0.658824
0.658824
0.658824
0.321569
0.227451
0.266667
0.619608
0.580392
0.580392
0.580392
0.580392
0.580392
0.580392
0.580392
0.580392
0.580392
0.580392
0.580392
0.580392
0.580392
0.619608
0.619608
0.619608
0.619608
0.619608
0.619608
0.619608
0.619608
0.619608
0.619608
0.619608
0.619608
0.619608
0.619608
0.619608
0.619608
0.619608
0.619608
0.619608
0.619608
0.619608
0.619608
0.619608
0.619608
0.619608
0.619608
0.588235
0.588235
0.619608
0.658824
0.592157
0.564706
0.619608
0.619608
0.619608
0.658824
0.658824
0.658824
0.658824
0.619608
0.658824
0.619608
0.647059
0.658824
0.658824
0.619608
0.294118
0.227451
0.298039
0.603922
0.658824
0.580392
0.580392
0.580392
0.580392
0.580392
0.580392
0.580392
0.580392
0.580392
0.580392
0.580392
0.580392
0.619608
0.619608
0.619608
0.619608
0.619608
0.619608
0.619608
0.619608
0.619608
0.619608
0.619608
0.619608
0.619608
0.619608
0.619608
0.619608
0.619608
0.619608
0.619608
0.658824
0.619608
0.619608
0.619608
0.619608
0.619608
0.619608
0.619608
0.619608
0.619608
0.619608
0.619608
0.517647
0.650980
0.619608
0.619608
0.658824
0.658824
0.658824
0.658824
0.658824
0.658824
0.658824
0.658824
0.627451
0.619608
0.619608
0.294118
0.227451
0.396078
0.658824
0.658824
0.658824
0.580392
0.580392
0.580392
0.580392
0.580392
0.580392
0.580392
0.580392
0.588235
0.619608
0.619608
0.619608
0.619608
0.619608
0.619608
0.619608
0.658824
0.658824
0.658824
0.658824
0.658824
0.658824
0.658824
0.658824
0.658824
0.658824
0.658824
0.658824
0.658824
0.658824
0.658824
0.658824
0.619608
0.619608
0.619608
0.619608
0.619608
0.619608
0.619608
0.619608
0.619608
0.619608
0.568627
0.639216
0.658824
0.658824
0.658824
0.658824
0.658824
0.658824
0.658824
0.658824
0.658824
0.658824
0.658824
0.627451
0.631373
0.305882
0.227451
0.337255
0.647059
0.658824
0.619608
0.658824
0.580392
0.580392
0.580392
0.580392
0.580392
0.580392
0.580392
0.580392
0.588235
0.619608
0.619608
0.619608
0.619608
0.619608
0.619608
0.658824
0.658824
0.658824
0.658824
0.658824
0.658824
0.658824
0.658824
0.658824
0.658824
0.658824
0.619608
0.619608
0.658824
0.658824
0.619608
0.619608
0.658824
0.658824
0.658824
0.619608
0.619608
0.619608
0.619608
0.619608
0.619608
0.619608
0.513726
0.643137
0.658824
0.658824
0.658824
0.658824
0.658824
0.658824
0.658824
0.658824
0.658824
0.619608
0.619608
0.631373
0.356863
0.235294
0.227451
0.623529
0.619608
0.658824
0.658824
0.619608
0.580392
0.580392
0.580392
0.580392
0.619608
0.580392
0.619608
0.619608
0.619608
0.619608
0.619608
0.619608
0.619608
0.619608
0.619608
0.658824
0.658824
0.658824
0.658824
0.658824
0.658824
0.698039
0.698039
0.698039
0.698039
0.698039
0.698039
0.658824
0.658824
0.658824
0.658824
0.658824
0.658824
0.658824
0.658824
0.658824
0.619608
0.619608
0.619608
0.619608
0.619608
0.556863
0.572549
0.658824
0.658824
0.658824
0.658824
0.658824
0.658824
0.658824
0.658824
0.658824
0.658824
0.674510
0.627451
0.384314
0.227451
0.227451
0.619608
0.619608
0.658824
0.658824
0.658824
0.658824
0.580392
0.580392
0.580392
0.580392
0.619608
0.619608
0.619608
0.619608
0.627451
0.658824
0.658824
0.658824
0.658824
0.658824
0.658824
0.658824
0.658824
0.698039
0.698039
0.698039
0.698039
0.698039
0.698039
0.698039
0.698039
0.698039
0.698039
0.698039
0.674510
0.658824
0.698039
0.694118
0.658824
0.658824
0.658824
0.658824
0.658824
0.619608
0.619608
0.619608
0.615686
0.533333
0.650980
0.658824
0.658824
0.658824
0.658824
0.658824
0.658824
0.658824
0.658824
0.658824
0.658824
0.650980
0.407843
0.231373
0.211765
0.631373
0.619608
0.658824
0.658824
0.619608
0.619608
0.658824
0.580392
0.580392
0.580392
0.580392
0.619608
0.619608
0.619608
0.647059
0.658824
0.658824
0.658824
0.658824
0.658824
0.658824
0.658824
0.698039
0.698039
0.698039
0.698039
0.698039
0.698039
0.698039
0.698039
0.698039
0.698039
0.698039
0.698039
0.698039
0.698039
0.658824
0.698039
0.698039
0.658824
0.658824
0.658824
0.658824
0.658824
0.658824
0.658824
0.627451
0.584314
0.654902
0.619608
0.658824
0.658824
0.658824
0.658824
0.658824
0.658824
0.658824
0.658824
0.658824
0.619608
0.584314
0.227451
0.239216
0.596078
0.643137
0.658824
0.658824
0.658824
0.619608
0.619608
0.619608
0.580392
0.580392
0.619608
0.619608
0.619608
0.619608
0.619608
0.647059
0.658824
0.658824
0.658824
0.698039
0.698039
0.698039
0.698039
0.698039
0.737255
0.737255
0.737255
0.737255
0.737255
0.737255
0.737255
0.737255
0.737255
0.737255
0.737255
0.737255
0.698039
0.698039
0.698039
0.698039
0.698039
0.658824
0.658824
0.658824
0.658824
0.658824
0.658824
0.654902
0.513726
0.615686
0.658824
0.658824
0.658824
0.658824
0.658824
0.658824
0.658824
0.658824
0.658824
0.658824
0.643137
0.258824
0.215686
0.403922
0.658824
0.658824
0.658824
0.686275
0.658824
0.658824
0.658824
0.658824
0.619608
0.580392
0.619608
0.619608
0.658824
0.658824
0.658824
0.658824
0.658824
0.658824
0.658824
0.698039
0.698039
0.698039
0.698039
0.737255
0.737255
0.737255
0.737255
0.737255
0.737255
0.776471
0.776471
0.745098
0.737255
0.737255
0.737255
0.737255
0.737255
0.737255
0.737255
0.698039
0.698039
0.698039
0.698039
0.698039
0.658824
0.658824
0.627451
0.541176
0.611765
0.619608
0.658824
0.658824
0.658824
0.658824
0.658824
0.658824
0.658824
0.658824
0.658824
0.690196
0.478431
0.227451
0.254902
0.670588
0.658824
0.658824
0.658824
0.658824
0.658824
0.658824
0.658824
0.658824
