0.541176
0.541176
0.580392
0.580392
0.580392
0.580392
0.619608
0.619608
0.619608
0.619608
0.619608
0.619608
0.619608
0.619608
0.619608
0.619608
0.658824
0.658824
0.658824
0.658824
0.658824
0.658824
0.411765
0.658824
0.658824
0.658824
0.658824
0.698039
0.698039
0.737255
0.737255
0.776471
0.776471
0.776471
0.776471
0.776471
0.776471
0.737255
0.737255
0.737255
0.725490
0.698039
0.698039
0.698039
0.741176
0.611765
0.698039
0.698039
0.698039
0.698039
0.698039
0.698039
0.698039
0.698039
0.698039
0.698039
0.698039
0.698039
0.698039
0.698039
0.698039
0.698039
0.698039
0.698039
0.541176
0.541176
0.580392
0.580392
0.580392
0.619608
0.619608
0.619608
0.619608
0.619608
0.619608
0.619608
0.619608
0.619608
0.619608
0.658824
0.658824
0.658824
0.658824
0.658824
0.658824
0.670588
0.588235
0.643137
0.658824
0.658824
0.698039
0.698039
0.698039
0.737255
0.737255
0.776471
0.776471
0.776471
0.776471
0.776471
0.776471
0.737255
0.737255
0.737255
0.725490
0.698039
0.698039
0.698039
0.698039
0.454902
0.698039
0.698039
0.698039
0.698039
0.698039
0.698039
0.698039
0.698039
0.698039
0.698039
0.698039
0.698039
0.698039
0.698039
0.698039
0.698039
0.698039
0.698039
0.580392
0.580392
0.580392
0.580392
0.580392
0.619608
0.619608
0.619608
0.619608
0.619608
0.619608
0.619608
0.619608
0.619608
0.658824
0.658824
0.658824
0.658824
0.658824
0.658824
0.643137
0.403922
0.686275
0.666667
0.658824
0.658824
0.698039
0.698039
0.698039
0.737255
0.737255
0.776471
0.776471
0.776471
0.776471
0.776471
0.776471
0.737255
0.737255
0.737255
0.725490
0.698039
0.698039
0.698039
0.698039
0.698039
0.521569
0.698039
0.698039
0.698039
0.698039
0.698039
0.698039
0.698039
0.698039
0.698039
0.698039
0.698039
0.698039
0.698039
0.698039
0.698039
0.698039
0.698039
0.580392
0.580392
0.580392
0.580392
0.580392
0.619608
0.619608
0.619608
0.619608
0.619608
0.619608
0.619608
0.619608
0.619608
0.619608
0.658824
0.658824
0.658824
0.658824
0.658824
0.333333
0.658824
0.686275
0.666667
0.658824
0.658824
0.698039
0.698039
0.698039
0.737255
0.737255
0.776471
0.776471
0.776471
0.776471
0.776471
0.776471
0.737255
0.737255
0.737255
0.725490
0.698039
0.698039
0.698039
0.698039
0.698039
0.396078
0.737255
0.698039
0.698039
0.698039
0.698039
0.698039
0.698039
0.698039
0.698039
0.698039
0.698039
0.698039
0.698039
0.698039
0.698039
0.698039
0.698039
0.580392
0.580392
0.580392
0.580392
0.619608
0.619608
0.619608
0.619608
0.619608
0.619608
0.619608
0.619608
0.619608
0.658824
0.658824
0.658824
0.658824
0.658824
0.658824
0.533333
0.607843
0.674510
0.658824
0.658824
0.658824
0.658824
0.698039
0.698039
0.698039
0.737255
0.737255
0.776471
0.776471
0.776471
0.776471
0.776471
0.737255
0.737255
0.737255
0.705882
0.698039
0.698039
0.698039
0.698039
0.698039
0.698039
0.682353
0.482353
0.698039
0.698039
0.698039
0.698039
0.698039
0.698039
0.698039
0.698039
0.698039
0.698039
0.698039
0.698039
0.698039
0.698039
0.698039
0.698039
0.580392
0.580392
0.580392
0.619608
0.619608
0.619608
0.619608
0.619608
0.627451
0.658824
0.658824
0.658824
0.658824
0.658824
0.658824
0.658824
0.658824
0.658824
0.662745
0.450980
0.658824
0.674510
0.658824
0.658824
0.658824
0.658824
0.698039
0.698039
0.698039
0.737255
0.737255
0.737255
0.776471
0.776471
0.776471
0.737255
0.737255
0.737255
0.698039
0.698039
0.698039
0.698039
0.698039
0.698039
0.698039
0.698039
0.698039
0.564706
0.713726
0.698039
0.698039
0.698039
0.698039
0.698039
0.698039
0.698039
0.698039
0.698039
0.698039
0.698039
0.698039
0.698039
0.698039
0.698039
0.580392
0.580392
0.619608
0.619608
0.619608
0.619608
0.619608
0.647059
0.658824
0.658824
0.658824
0.658824
0.658824
0.658824
0.658824
0.658824
0.658824
0.658824
0.352941
0.658824
0.658824
0.647059
0.658824
0.658824
0.666667
0.698039
0.698039
0.698039
0.698039
0.737255
0.737255
0.737255
0.737255
0.776471
0.737255
0.737255
0.737255
0.737255
0.698039
0.698039
0.698039
0.698039
0.698039
0.698039
0.698039
0.698039
0.698039
0.705882
0.309804
0.698039
0.698039
0.698039
0.698039
0.698039
0.698039
0.698039
0.698039
0.698039
0.698039
0.698039
0.698039
0.698039
0.698039
0.698039
0.580392
0.580392
0.580392
0.619608
0.619608
0.619608
0.619608
0.647059
0.658824
0.658824
0.658824
0.658824
0.658824
0.658824
0.658824
0.658824
0.658824
0.380392
0.650980
0.658824
0.682353
0.607843
0.698039
0.698039
0.698039
0.698039
0.698039
0.698039
0.698039
0.698039
0.737255
0.737255
0.737255
0.737255
0.737255
0.737255
0.737255
0.698039
0.698039
0.698039
0.698039
0.698039
0.658824
0.658824
0.658824
0.658824
0.658824
0.658824
0.392157
0.701961
0.698039
0.698039
0.698039
0.698039
0.698039
0.698039
0.698039
0.698039
0.698039
0.698039
0.698039
0.698039
0.698039
0.698039
0.580392
0.580392
0.619608
0.619608
0.619608
0.619608
0.619608
0.647059
0.658824
0.658824
0.658824
0.658824
0.658824
0.658824
0.658824
0.658824
0.670588
0.384314
0.658824
0.698039
0.662745
0.658824
0.698039
0.698039
0.698039
0.698039
0.698039
0.698039
0.698039
0.698039
0.698039
0.737255
0.737255
0.737255
0.737255
0.698039
0.698039
0.698039
0.698039
0.698039
0.686275
0.658824
0.658824
0.658824
0.658824
0.658824
0.658824
0.658824
0.643137
0.482353
0.698039
0.698039
0.698039
0.698039
0.698039
0.725490
0.737255
0.737255
0.737255
0.737255
0.737255
0.737255
0.698039
0.698039
0.580392
0.580392
0.619608
0.619608
0.619608
0.619608
0.619608
0.647059
0.658824
0.658824
0.658824
0.658824
0.658824
0.658824
0.658824
0.658824
0.325490
0.678431
0.698039
0.698039
0.607843
0.698039
0.698039
0.698039
0.698039
0.698039
0.698039
0.698039
0.698039
0.698039
0.698039
0.698039
0.698039
0.698039
0.698039
0.698039
0.698039
0.698039
0.698039
0.666667
0.658824
0.658824
0.658824
0.658824
0.658824
0.658824
0.658824
0.658824
0.658824
0.407843
0.698039
0.698039
0.698039
0.698039
0.737255
0.737255
0.737255
0.737255
0.737255
0.737255
0.737255
0.737255
0.737255
0.698039
0.580392
0.580392
0.619608
0.619608
0.619608
0.619608
0.619608
0.647059
0.658824
0.658824
0.658824
0.658824
0.658824
0.658824
0.658824
0.501961
0.541176
0.698039
0.698039
0.690196
0.662745
0.698039
0.698039
0.698039
0.698039
0.698039
0.698039
0.698039
0.698039
0.698039
0.698039
0.698039
0.698039
0.698039
0.698039
0.698039
0.698039
0.658824
0.658824
0.658824
0.658824
0.658824
0.658824
0.658824
0.658824
0.658824
0.658824
0.658824
0.658824
0.533333
0.584314
0.698039
0.698039
0.698039
0.737255
0.737255
0.737255
0.737255
0.737255
0.737255
0.737255
0.737255
0.737255
0.698039
0.580392
0.615686
0.619608
0.619608
0.619608
0.619608
0.623529
0.650980
0.658824
0.658824
0.658824
0.658824
0.658824
0.658824
0.678431
0.294118
0.694118
0.698039
0.698039
0.654902
0.698039
0.698039
0.698039
0.698039
0.698039
0.698039
0.698039
0.698039
0.698039
0.698039
0.698039
0.698039
0.698039
0.698039
0.698039
0.662745
0.662745
0.658824
0.658824
0.658824
0.658824
0.658824
0.658824
0.658824
0.658824
0.658824
0.658824
0.658824
0.658824
0.721569
0.352941
0.698039
0.698039
0.737255
0.737255
0.737255
0.737255
0.737255
0.737255
0.737255
0.737255
0.737255
0.737255
0.698039
0.580392
0.619608
0.619608
0.619608
0.619608
0.619608
0.619608
0.647059
0.658824
0.658824
0.658824
0.658824
0.658824
0.658824
0.352941
0.666667
0.698039
0.698039
0.698039
0.611765
0.698039
0.698039
0.698039
0.698039
0.698039
0.698039
0.698039
0.698039
0.698039
0.698039
0.698039
0.698039
0.698039
0.698039
0.658824
0.658824
0.658824
0.658824
0.658824
0.658824
0.658824
0.658824
0.658824
0.658824
0.658824
0.658824
0.658824
0.658824
0.658824
0.698039
0.301961
0.698039
0.737255
0.737255
0.737255
0.737255
0.737255
0.737255
0.737255
0.737255
0.737255
0.737255
0.737255
0.737255
0.580392
0.619608
0.619608
0.619608
0.619608
0.619608
0.619608
0.647059
0.658824
0.658824
0.658824
0.658824
0.658824
0.678431
0.325490
0.698039
0.698039
0.698039
0.709804
0.682353
0.737255
0.737255
0.698039
0.698039
0.698039
0.698039
0.698039
0.698039
0.698039
0.698039
0.698039
0.698039
0.658824
0.658824
0.658824
0.658824
0.658824
0.658824
0.658824
0.658824
0.658824
0.658824
0.658824
0.658824
0.658824
0.658824
0.658824
0.658824
0.698039
0.698039
0.662745
0.423529
0.737255
0.737255
0.737255
0.764706
0.776471
0.776471
0.737255
0.737255
0.737255
0.737255
0.737255
0.737255
0.580392
0.619608
0.619608
0.619608
0.619608
0.619608
0.619608
0.647059
0.658824
0.658824
0.658824
0.658824
0.658824
0.329412
0.737255
0.698039
0.698039
0.721569
0.674510
0.737255
0.737255
0.737255
0.737255
0.737255
0.725490
0.698039
0.698039
0.698039
0.698039
0.674510
0.658824
0.658824
0.658824
0.658824
0.658824
0.658824
0.658824
0.635294
0.635294
0.635294
0.635294
0.635294
0.635294
0.658824
0.658824
0.658824
0.658824
0.658824
0.698039
0.698039
0.705882
0.411765
0.737255
0.737255
0.760784
0.772549
0.776471
0.776471
0.737255
0.737255
0.737255
0.737255
0.737255
0.698039
0.619608
0.619608
0.619608
0.619608
0.619608
0.619608
0.619608
0.647059
0.658824
0.658824
0.658824
0.658824
0.596078
0.368627
0.698039
0.698039
0.737255
0.737255
0.623529
0.737255
0.737255
0.737255
0.737255
0.737255
0.737255
0.737255
0.698039
0.698039
0.698039
0.658824
0.658824
0.658824
0.658824
0.658824
0.658824
0.658824
0.658824
0.619608
0.619608
0.619608
0.619608
0.619608
0.619608
0.619608
0.658824
0.658824
0.658824
0.658824
0.698039
0.698039
0.698039
0.478431
0.596078
0.776471
0.776471
0.776471
0.776471
0.776471
0.776471
0.737255
0.737255
0.737255
0.737255
0.698039
0.619608
0.619608
0.619608
0.619608
0.619608
0.619608
0.619608
0.619608
0.627451
0.658824
0.658824
0.658824
0.345098
0.690196
0.698039
0.698039
0.737255
0.745098
0.721569
0.776471
0.776471
0.776471
0.737255
0.737255
0.737255
0.737255
0.698039
0.698039
0.658824
0.658824
0.658824
0.658824
0.658824
0.658824
0.619608
0.619608
0.619608
0.619608
0.619608
0.619608
0.619608
0.619608
0.619608
0.619608
0.658824
0.658824
0.658824
0.698039
0.698039
0.698039
0.737255
0.764706
0.364706
0.776471
0.776471
0.776471
0.776471
0.776471
0.776471
0.737255
0.737255
0.737255
0.737255
0.698039
0.580392
0.619608
0.619608
0.619608
0.619608
0.619608
0.619608
0.639216
0.643137
0.643137
0.658824
0.541176
0.411765
0.674510
0.698039
0.713726
0.737255
0.639216
0.752941
0.776471
0.776471
0.776471
0.776471
0.756863
0.749020
0.737255
0.713726
0.698039
0.658824
0.658824
0.658824
0.658824
0.643137
0.619608
0.619608
0.619608
0.619608
0.619608
0.619608
0.619608
0.619608
0.619608
0.619608
0.619608
0.658824
0.658824
0.658824
0.674510
0.698039
0.713726
0.737255
0.745098
0.419608
0.788235
0.776471
0.776471
0.776471
0.776471
0.776471
0.752941
0.737255
0.737255
0.721569
0.698039
0.580392
0.580392
0.619608
0.619608
0.619608
0.619608
0.619608
0.619608
0.619608
0.619608
0.658824
0.352941
0.725490
0.698039
0.698039
0.737255
0.768627
0.607843
0.776471
0.776471
0.776471
0.776471
0.776471
0.776471
0.764706
0.737255
0.737255
0.698039
0.698039
0.658824
0.658824
0.658824
0.619608
0.619608
0.619608
0.619608
0.619608
0.619608
0.619608
0.619608
0.619608
0.619608
0.619608
0.619608
0.658824
0.658824
0.658824
0.698039
0.698039
0.698039
0.737255
0.737255
0.647059
0.560784
0.776471
0.776471
0.776471
0.776471
0.776471
0.737255
0.737255
0.737255
0.698039
0.698039
0.580392
0.580392
0.619608
0.619608
0.619608
0.619608
0.619608
0.619608
0.627451
0.658824
0.588235
0.450980
0.658824
0.698039
0.698039
0.737255
0.737255
0.701961
0.776471
0.776471
0.776471
0.776471
0.776471
0.776471
0.764706
0.737255
0.737255
0.698039
0.698039
0.658824
0.658824
0.658824
0.619608
0.619608
0.619608
0.619608
0.619608
0.619608
0.619608
0.619608
0.619608
0.619608
0.619608
0.619608
0.619608
0.658824
0.658824
0.698039
0.698039
0.737255
0.737255
0.776471
0.760784
0.678431
0.776471
0.776471
0.776471
0.776471
0.776471
0.737255
0.737255
0.737255
0.698039
0.698039
0.580392
0.580392
0.580392
0.615686
0.619608
0.619608
0.619608
0.619608
0.619608
0.619608
0.368627
0.694118
0.658824
0.698039
0.698039
0.737255
0.631373
0.756863
0.776471
0.776471
0.776471
0.776471
0.776471
0.776471
0.764706
0.737255
0.737255
0.698039
0.698039
0.658824
0.658824
0.658824
0.619608
0.619608
0.619608
0.619608
0.619608
0.619608
0.619608
0.619608
0.619608
0.619608
0.619608
0.619608
0.623529
0.658824
0.658824
0.698039
0.698039
0.737255
0.737255
0.772549
0.776471
0.772549
0.776471
0.776471
0.776471
0.776471
0.776471
0.737255
0.737255
0.737255
0.698039
0.698039
0.580392
0.580392
0.580392
0.580392
0.619608
0.619608
0.619608
0.619608
0.619608
0.372549
0.592157
0.658824
0.658824
0.698039
0.698039
0.729412
0.619608
0.737255
0.776471
0.776471
0.776471
0.776471
0.776471
0.776471
0.764706
0.737255
0.737255
0.698039
0.698039
0.658824
0.658824
0.619608
0.619608
0.619608
0.619608
0.619608
0.619608
0.619608
0.619608
0.619608
0.619608
0.619608
0.619608
0.619608
0.619608
0.658824
0.658824
0.658824
0.698039
0.737255
0.737255
0.737255
0.776471
0.741176
0.776471
0.776471
0.776471
0.776471
0.776471
0.737255
0.737255
0.737255
0.698039
0.698039
0.580392
0.580392
0.580392
0.580392
0.619608
0.619608
0.619608
0.619608
0.643137
0.329412
0.654902
0.658824
0.658824
0.698039
0.698039
0.678431
0.721569
0.737255
0.776471
0.776471
0.776471
0.776471
0.776471
0.776471
0.764706
0.737255
0.737255
0.698039
0.698039
0.658824
0.658824
0.619608
0.619608
0.619608
0.619608
0.619608
0.619608
0.619608
0.580392
0.607843
0.619608
0.619608
0.619608
0.619608
0.619608
0.658824
0.658824
0.698039
0.698039
0.698039
0.737255
0.737255
0.776471
0.752941
0.725490
0.764706
0.764706
0.737255
0.737255
0.737255
0.737255
0.737255
0.698039
0.698039
0.580392
0.580392
0.580392
0.580392
0.580392
0.619608
0.619608
0.592157
0.305882
0.678431
0.658824
0.658824
0.698039
0.698039
0.698039
0.580392
0.764706
0.737255
0.776471
0.776471
0.776471
0.776471
0.737255
0.737255
0.737255
0.737255
0.698039
0.698039
0.658824
0.658824
0.658824
0.619608
0.619608
0.619608
0.619608
0.619608
0.619608
0.580392
0.619608
0.619608
0.619608
0.619608
0.619608
0.619608
0.658824
0.658824
0.658824
0.658824
0.698039
0.698039
0.737255
0.737255
0.737255
0.737255
0.576471
0.423529
0.745098
0.737255
0.737255
0.737255
0.737255
0.737255
0.698039
0.698039
0.580392
0.580392
0.580392
0.580392
0.580392
0.619608
0.619608
0.627451
0.321569
0.627451
0.658824
0.658824
0.698039
0.698039
0.725490
0.596078
0.737255
0.737255
0.776471
0.776471
0.776471
0.776471
0.737255
0.737255
0.737255
0.737255
0.698039
0.698039
0.658824
0.658824
0.658824
0.619608
0.619608
0.619608
0.619608
0.619608
0.580392
0.580392
0.580392
0.607843
0.619608
0.619608
0.619608
0.619608
0.619608
0.619608
0.658824
0.658824
0.698039
0.698039
0.698039
0.737255
0.737255
0.737255
0.701961
0.396078
0.784314
0.737255
0.737255
0.737255
0.737255
0.737255
0.737255
0.698039
0.580392
0.580392
0.580392
0.580392
0.619608
0.619608
0.619608
0.254902
0.658824
0.658824
0.658824
0.658824
0.698039
0.698039
0.584314
0.666667
0.737255
0.737255
0.737255
0.776471
0.737255
0.737255
0.737255
0.737255
0.725490
0.698039
0.698039
0.698039
0.658824
0.658824
0.619608
0.619608
0.619608
0.619608
0.619608
0.619608
0.580392
0.580392
0.580392
0.580392
0.588235
0.619608
0.619608
0.619608
0.619608
0.619608
0.619608
0.658824
0.658824
0.698039
0.698039
0.698039
0.737255
0.737255
0.717647
0.356863
0.415686
0.776471
0.737255
0.737255
0.737255
0.698039
0.737255
0.698039
0.580392
0.580392
0.580392
0.580392
0.619608
0.619608
0.631373
0.313726
0.607843
0.658824
0.658824
0.698039
0.698039
0.698039
0.541176
0.737255
0.737255
0.737255
0.698039
0.698039
0.737255
0.737255
0.733333
0.686275
0.698039
0.698039
0.698039
0.698039
0.658824
0.658824
0.658824
0.619608
0.619608
0.619608
0.619608
0.580392
0.580392
0.580392
0.580392
0.580392
0.588235
0.619608
0.619608
0.619608
0.619608
0.619608
0.658824
0.658824
0.658824
0.698039
0.698039
0.698039
0.698039
0.737255
0.698039
0.713726
0.352941
0.725490
0.737255
0.737255
0.737255
0.737255
0.698039
0.698039
0.580392
0.580392
0.580392
0.580392
0.619608
0.600000
0.341176
0.611765
0.627451
0.658824
0.658824
0.698039
0.698039
0.698039
0.576471
0.737255
0.737255
0.737255
0.737255
0.737255
0.737255
0.698039
0.737255
0.737255
0.725490
0.698039
0.698039
0.658824
0.658824
0.658824
0.619608
0.619608
0.619608
0.580392
0.580392
0.580392
0.580392
0.580392
0.580392
0.580392
0.580392
0.580392
0.619608
0.619608
0.619608
0.619608
0.619608
0.658824
0.658824
0.658824
0.698039
0.698039
0.698039
0.698039
0.737255
0.698039
0.337255
0.631373
0.737255
0.737255
0.737255
0.737255
0.737255
0.737255
0.580392
0.580392
0.580392
0.580392
0.580392
0.501961
0.231373
0.635294
0.627451
0.658824
0.658824
0.698039
0.698039
0.564706
0.705882
0.737255
0.737255
0.737255
0.737255
0.737255
0.737255
0.737255
0.737255
0.705882
0.698039
0.698039
0.698039
0.658824
0.658824
0.658824
0.619608
0.619608
0.580392
0.580392
0.580392
0.580392
0.580392
0.580392
0.580392
0.580392
0.580392
0.580392
0.580392
0.619608
0.619608
0.619608
0.619608
0.658824
0.658824
0.658824
0.658824
0.698039
0.698039
0.698039
0.698039
0.674510
0.470588
0.384314
0.729412
0.737255
0.737255
0.737255
0.737255
0.698039
0.580392
0.580392
0.580392
0.580392
0.615686
0.352941
0.580392
0.658824
0.658824
0.658824
0.698039
0.698039
0.698039
0.533333
0.745098
0.737255
0.737255
0.737255
0.776471
0.776471
0.737255
0.737255
0.737255
0.705882
0.698039
0.698039
0.698039
0.658824
0.658824
0.658824
0.619608
0.619608
0.580392
0.580392
0.580392
0.580392
0.580392
0.580392
0.580392
0.580392
0.580392
0.580392
0.580392
0.619608
0.619608
0.619608
0.619608
0.619608
0.658824
0.658824
0.658824
0.698039
0.698039
0.698039
0.698039
0.725490
0.752941
0.392157
0.749020
0.737255
0.737255
0.737255
0.737255
0.737255
0.541176
0.580392
0.580392
0.580392
0.352941
0.376471
0.619608
0.647059
0.658824
0.658824
0.698039
0.698039
0.729412
0.615686
0.737255
0.737255
0.737255
0.776471
0.776471
0.737255
0.737255
0.737255
0.737255
0.705882
0.698039
0.698039
0.658824
0.658824
0.658824
0.658824
0.619608
0.619608
0.580392
0.580392
0.580392
0.580392
0.580392
0.580392
0.580392
0.580392
0.580392
0.580392
0.580392
0.580392
0.580392
0.619608
0.619608
0.619608
0.658824
0.658824
0.658824
0.698039
0.698039
0.698039
0.737255
0.737255
0.729412
0.419608
0.537255
0.760784
0.737255
0.737255
0.737255
0.737255
0.541176
0.541176
0.580392
0.615686
0.313726
0.619608
0.619608
0.647059
0.658824
0.658824
0.658824
0.698039
0.505882
0.694118
0.737255
0.737255
0.776471
0.776471
0.776471
0.737255
0.737255
0.737255
0.737255
0.705882
0.698039
0.698039
0.658824
0.658824
0.658824
0.619608
0.619608
0.619608
0.580392
0.580392
0.580392
0.580392
0.580392
0.580392
0.580392
0.580392
0.580392
0.580392
0.580392
0.580392
0.580392
0.619608
0.619608
0.619608
0.619608
0.658824
0.658824
0.658824
0.698039
0.698039
0.698039
0.725490
0.737255
0.737255
0.749020
0.741176
0.776471
0.776471
0.737255
0.737255
0.541176
0.580392
0.580392
0.274510
0.341176
0.619608
0.619608
0.647059
0.658824
0.658824
0.658824
0.760784
0.572549
0.733333
0.737255
0.737255
0.776471
0.776471
0.776471
0.737255
0.737255
0.737255
0.698039
0.698039
0.698039
0.698039
0.658824
0.658824
0.658824
0.619608
0.619608
0.580392
0.580392
0.580392
0.580392
0.580392
0.580392
0.580392
0.580392
0.580392
0.580392
0.580392
0.580392
0.580392
0.580392
0.580392
0.580392
0.619608
0.658824
0.658824
0.658824
0.658824
0.698039
0.698039
0.698039
0.725490
0.737255
0.737255
0.752941
0.709804
0.776471
0.737255
0.737255
0.737255
0.541176
0.541176
0.603922
0.325490
0.580392
0.619608
0.619608
0.619608
0.627451
0.658824
0.698039
0.592157
0.627451
0.737255
0.737255
0.776471
0.776471
0.776471
0.737255
0.737255
0.737255
0.698039
0.698039
0.698039
0.686275
0.658824
0.658824
0.619608
0.619608
0.619608
0.619608
0.580392
0.580392
0.580392
0.580392
0.541176
0.580392
0.541176
0.541176
0.541176
0.549020
0.580392
0.541176
0.580392
0.580392
0.580392
0.580392
0.619608
0.619608
0.619608
0.658824
0.658824
0.658824
0.698039
0.698039
0.725490
0.737255
0.737255
0.737255
0.752941
0.737255
0.737255
0.737255
0.737255
0.541176
0.564706
0.305882
0.372549
0.580392
0.580392
0.619608
0.619608
0.627451
0.658824
0.658824
0.498039
0.713726
0.737255
0.737255
0.737255
0.737255
0.737255
0.737255
0.737255
0.737255
0.737255
0.698039
0.698039
0.686275
0.658824
0.658824
0.619608
0.619608
0.619608
0.580392
0.580392
0.580392
0.580392
0.580392
0.541176
0.541176
0.541176
0.541176
0.568627
0.580392
0.580392
0.580392
0.580392
0.580392
0.580392
0.580392
0.619608
0.619608
0.619608
0.658824
0.658824
0.658824
0.698039
0.698039
0.698039
0.705882
0.737255
0.737255
0.698039
0.772549
0.737255
0.737255
0.737255
0.541176
0.576471
0.309804
0.580392
0.580392
0.580392
0.619608
0.619608
0.619608
0.619608
0.658824
0.556863
0.690196
0.698039
0.737255
0.737255
0.737255
0.737255
0.737255
0.737255
0.737255
0.698039
0.698039
0.698039
0.686275
0.658824
0.658824
0.619608
0.619608
0.619608
0.580392
0.580392
0.580392
0.580392
0.580392
0.580392
0.541176
0.541176
0.580392
0.580392
0.580392
0.580392
0.580392
0.580392
0.580392
0.580392
0.580392
0.580392
0.619608
0.619608
0.619608
0.658824
0.658824
0.698039
0.698039
0.698039
0.698039
0.698039
0.737255
0.627451
0.772549
0.737255
0.737255
0.698039
0.549020
0.309804
0.407843
0.541176
0.580392
0.580392
0.580392
0.607843
0.619608
0.619608
0.533333
0.600000
0.658824
0.698039
0.698039
0.698039
0.698039
0.698039
0.698039
0.698039
0.698039
0.698039
0.698039
0.666667
0.658824
0.658824
0.619608
0.619608
0.619608
0.580392
0.580392
0.580392
0.580392
0.541176
0.541176
0.541176
0.541176
0.541176
0.541176
0.541176
0.541176
0.541176
0.541176
0.541176
0.580392
0.580392
0.580392
0.580392
0.580392
0.619608
0.619608
0.658824
0.658824
0.658824
0.658824
0.686275
0.698039
0.698039
0.698039
0.662745
0.698039
0.705882
0.698039
0.698039
0.482353
0.235294
0.541176
0.541176
0.541176
0.580392
0.580392
0.580392
0.588235
0.619608
0.450980
0.650980
0.658824
0.658824
0.658824
0.698039
0.658824
0.698039
0.698039
0.698039
0.698039
0.658824
0.658824
0.658824
0.647059
0.619608
0.619608
0.619608
0.580392
0.580392
0.580392
0.580392
0.541176
0.541176
0.541176
0.541176
0.541176
0.541176
0.541176
0.541176
0.541176
0.541176
0.541176
0.541176
0.541176
0.580392
0.580392
0.580392
0.619608
0.619608
0.619608
0.619608
0.619608
0.658824
0.658824
0.658824
0.666667
0.698039
0.698039
0.698039
0.529412
0.490196
0.698039
0.698039
0.243137
0.411765
0.541176
0.541176
0.541176
0.580392
0.580392
0.580392
0.588235
0.619608
0.576471
0.647059
0.658824
0.658824
0.658824
0.658824
0.698039
0.698039
0.698039
0.658824
0.658824
0.658824
0.658824
0.658824
0.647059
0.619608
0.619608
0.619608
0.580392
0.580392
0.580392
0.580392
0.541176
0.541176
0.541176
0.541176
0.541176
0.541176
0.541176
0.541176
0.541176
0.541176
0.541176
0.541176
0.541176
0.580392
0.580392
0.580392
0.580392
0.580392
0.619608
0.619608
0.619608
0.658824
0.658824
0.658824
0.658824
0.658824
0.658824
0.658824
0.415686
0.384314
0.639216
0.658824
0.254902
0.541176
0.541176
0.541176
0.541176
0.541176
0.580392
0.580392
0.592157
0.482353
0.607843
0.619608
0.619608
0.619608
0.619608
0.658824
0.658824
0.658824
0.658824
0.658824
0.658824
0.619608
0.619608
0.619608
0.619608
0.619608
0.619608
0.580392
0.580392
0.580392
0.580392
0.541176
0.541176
0.541176
0.541176
0.541176
0.541176
0.541176
0.541176
0.541176
0.541176
0.541176
0.541176
0.541176
0.541176
0.541176
0.541176
0.580392
0.580392
0.580392
0.580392
0.580392
0.619608
0.619608
0.619608
0.619608
0.627451
0.658824
0.658824
0.658824
0.627451
0.345098
0.482353
0.658824
0.466667
0.541176
0.541176
0.541176
0.541176
0.580392
0.580392
0.580392
0.592157
0.439216
0.596078
0.619608
0.619608
0.619608
0.619608
0.619608
0.619608
0.619608
0.619608
0.619608
0.619608
0.619608
0.619608
0.619608
0.607843
0.580392
0.580392
0.580392
0.580392
0.580392
0.580392
0.541176
0.541176
0.541176
0.541176
0.541176
0.541176
0.541176
0.501961
0.529412
0.541176
0.541176
0.541176
0.541176
0.541176
0.541176
0.541176
0.541176
0.580392
0.580392
0.580392
0.580392
0.619608
0.619608
0.619608
0.619608
0.619608
0.619608
0.619608
0.619608
0.658824
0.231373
0.305882
0.611765
0.501961
0.541176
0.541176
0.541176
0.541176
0.580392
0.580392
0.580392
0.549020
0.525490
0.580392
0.619608
0.619608
0.619608
0.619608
0.619608
0.619608
0.619608
0.619608
0.619608
0.619608
0.619608
0.580392
0.580392
0.580392
0.580392
0.580392
0.580392
0.580392
0.580392
0.580392
0.541176
0.541176
0.541176
0.541176
0.541176
0.541176
0.541176
0.541176
0.541176
0.541176
0.541176
0.501961
0.541176
0.541176
0.541176
0.541176
0.541176
0.541176
0.580392
0.580392
0.580392
0.580392
0.619608
0.619608
0.619608
0.619608
0.619608
0.619608
0.619608
0.658824
0.588235
0.305882
0.650980
0.541176
0.541176
0.541176
0.541176
0.541176
0.541176
0.580392
0.584314
0.431373
0.572549
0.580392
0.580392
0.619608
0.619608
0.619608
0.619608
0.619608
0.619608
0.619608
0.619608
0.580392
0.580392
0.580392
0.580392
0.580392
0.580392
0.580392
0.580392
0.541176
0.541176
0.541176
0.541176
0.541176
0.541176
0.541176
0.541176
0.541176
0.501961
0.501961
0.501961
0.501961
0.501961
0.501961
0.501961
0.541176
0.541176
0.541176
0.541176
0.541176
0.541176
0.580392
0.580392
0.580392
0.580392
0.580392
0.580392
0.588235
0.619608
0.619608
0.619608
0.619608
0.619608
0.286275
0.262745
0.541176
0.541176
0.541176
0.541176
0.580392
0.580392
0.580392
0.603922
0.466667
0.580392
0.615686
0.619608
0.619608
0.584314
0.619608
0.619608
0.619608
0.619608
0.584314
0.584314
0.580392
0.580392
0.580392
0.580392
0.580392
0.580392
0.545098
0.545098
0.541176
0.541176
0.541176
0.541176
0.541176
0.505882
0.541176
0.505882
0.505882
0.501961
0.501961
0.501961
0.501961
0.501961
0.501961
0.501961
0.541176
0.541176
0.541176
0.541176
0.541176
0.541176
0.545098
0.580392
0.580392
0.580392
0.580392
0.580392
0.580392
0.580392
0.584314
0.619608
0.619608
0.619608
0.305882
0.266667
0.541176
0.541176
0.541176
0.580392
0.580392
0.580392
0.588235
0.470588
0.545098
0.580392
0.619608
0.619608
0.619608
0.619608
0.619608
0.619608
0.619608
0.619608
0.580392
0.580392
0.580392
0.580392
0.580392
0.580392
0.580392
0.580392
0.541176
0.541176
0.541176
0.541176
0.541176
0.541176
0.541176
0.541176
0.501961
0.501961
0.501961
0.501961
0.501961
0.501961
0.501961
0.501961
0.501961
0.501961
0.501961
0.501961
0.541176
0.541176
0.541176
0.541176
0.541176
0.541176
0.580392
0.580392
0.580392
0.580392
0.580392
0.580392
0.580392
0.619608
0.619608
0.619608
0.662745
0.266667
0.541176
0.541176
0.580392
0.580392
0.580392
0.580392
0.611765
0.466667
0.615686
0.619608
0.619608
0.619608
0.619608
0.619608
0.619608
0.619608
0.619608
0.619608
0.580392
0.580392
0.580392
0.580392
0.580392
0.580392
0.580392
0.580392
0.580392
0.541176
0.541176
0.541176
0.541176
0.541176
0.541176
0.501961
0.501961
0.501961
0.501961
0.501961
0.501961
0.501961
0.501961
0.501961
0.501961
0.501961
0.501961
0.501961
0.501961
0.541176
0.541176
0.541176
0.525490
0.541176
0.541176
0.580392
0.580392
0.580392
0.580392
0.580392
0.580392
0.580392
0.619608
0.580392
0.619608
0.231373
0.564706
0.580392
0.580392
0.580392
0.580392
0.580392
0.564706
0.501961
0.603922
0.619608
0.619608
0.619608
0.619608
0.619608
0.619608
0.619608
0.619608
0.619608
0.619608
0.619608
0.603922
0.580392
0.580392
0.580392
0.580392
0.580392
0.580392
0.541176
0.541176
0.541176
0.541176
0.541176
0.501961
0.517647
0.501961
0.501961
0.501961
0.501961
0.501961
0.501961
0.501961
0.501961
0.501961
0.501961
0.501961
0.501961
0.525490
0.541176
0.541176
0.541176
0.541176
0.541176
0.580392
0.580392
0.580392
0.580392
0.580392
0.580392
0.580392
0.603922
0.619608
0.619608
0.619608
0.474510
0.541176
0.580392
0.580392
0.580392
0.619608
0.596078
0.454902
0.568627
0.658824
0.658824
0.619608
0.658824
0.658824
0.619608
0.658824
0.619608
0.619608
0.619608
0.619608
0.619608
0.619608
0.580392
0.580392
0.580392
0.580392
0.580392
0.580392
0.541176
0.541176
0.541176
0.541176
0.541176
0.501961
0.541176
0.501961
0.501961
0.501961
0.501961
0.501961
0.501961
0.501961
0.501961
0.501961
0.501961
0.501961
0.501961
0.501961
0.541176
0.541176
0.541176
0.541176
0.541176
0.580392
0.580392
0.580392
0.580392
0.580392
0.580392
0.580392
0.580392
0.619608
0.619608
0.619608
0.639216
0.580392
0.580392
0.580392
0.619608
0.619608
0.662745
0.470588
0.647059
0.658824
0.658824
0.658824
0.658824
0.658824
0.658824
0.658824
0.658824
0.658824
0.619608
0.619608
0.619608
0.647059
0.580392
0.580392
0.580392
0.588235
0.541176
0.580392
0.580392
0.541176
0.541176
0.541176
0.501961
0.541176
0.501961
0.501961
0.501961
0.501961
0.501961
0.501961
0.501961
0.501961
0.501961
0.501961
0.501961
0.501961
0.501961
0.501961
0.541176
0.541176
0.541176
0.541176
0.541176
0.541176
0.541176
0.580392
0.580392
0.580392
0.580392
0.580392
0.580392
0.619608
0.619608
0.619608
0.619608
0.580392
0.596078
0.619608
0.619608
0.619608
0.560784
0.498039
0.666667
0.658824
0.658824
0.658824
0.674510
0.658824
0.658824
0.658824
0.658824
0.658824
0.635294
0.635294
0.619608
0.619608
0.619608
0.580392
0.580392
0.580392
0.580392
0.580392
0.556863
0.541176
0.541176
0.541176
0.541176
0.541176
0.501961
0.501961
0.501961
0.501961
0.501961
0.501961
0.501961
0.501961
0.501961
0.501961
0.501961
0.501961
0.501961
0.501961
0.501961
0.501961
0.541176
0.541176
0.541176
0.541176
0.564706
0.580392
0.580392
0.580392
0.580392
0.580392
0.596078
0.619608
0.619608
0.619608
0.635294
0.580392
0.619608
0.619608
0.658824
0.670588
0.447059
0.596078
0.658824
0.666667
0.698039
0.698039
0.698039
0.658824
0.658824
0.658824
0.658824
0.658824
0.658824
0.658824
0.658824
0.619608
0.619608
0.580392
0.580392
0.580392
0.580392
0.580392
0.580392
0.541176
0.541176
0.541176
0.541176
0.501961
0.541176
0.501961
0.501961
0.501961
0.501961
0.501961
0.501961
0.501961
0.501961
0.501961
0.501961
0.501961
0.501961
0.501961
0.501961
0.541176
0.541176
0.541176
0.541176
0.541176
0.541176
0.580392
0.580392
0.580392
0.580392
0.580392
0.580392
0.619608
0.619608
0.619608
0.658824
0.619608
0.607843
0.658824
0.658824
0.635294
0.450980
0.698039
0.698039
0.698039
0.698039
0.698039
0.698039
0.698039
0.698039
0.698039
0.698039
0.698039
0.658824
0.658824
0.658824
0.619608
0.619608
0.619608
0.588235
0.580392
0.580392
0.580392
0.580392
0.541176
0.541176
0.541176
0.541176
0.501961
0.541176
0.541176
0.501961
0.501961
0.501961
0.501961
0.501961
0.501961
0.501961
0.501961
0.501961
0.501961
0.501961
0.501961
0.501961
0.501961
0.541176
0.541176
0.541176
0.541176
0.541176
0.580392
0.580392
0.580392
0.580392
0.580392
0.619608
0.619608
0.658824
0.619608
0.658824
0.619608
0.658824
0.658824
0.662745
0.556863
0.482353
0.698039
0.698039
0.698039
0.698039
0.698039
0.698039
0.698039
0.698039
0.698039
0.698039
0.658824
0.658824
0.658824
0.658824
0.658824
0.619608
0.619608
0.588235
0.580392
0.580392
0.580392
0.545098
0.541176
0.541176
0.541176
0.541176
0.541176
0.541176
0.501961
0.501961
0.501961
0.501961
0.501961
0.501961
0.501961
0.501961
0.529412
0.501961
0.501961
0.501961
0.501961
0.501961
0.537255
0.541176
0.541176
0.541176
0.541176
0.541176
0.576471
0.580392
0.580392
0.580392
0.619608
0.619608
0.619608
0.627451
0.658824
0.658824
0.658824
0.658824
0.658824
0.686275
0.423529
0.572549
0.698039
0.698039
0.698039
0.698039
0.737255
0.698039
0.737255
0.737255
0.698039
0.698039
0.698039
0.698039
0.658824
0.698039
0.658824
0.658824
0.619608
0.588235
0.580392
0.580392
0.580392
0.580392
0.580392
0.541176
0.541176
0.541176
0.541176
0.541176
0.501961
0.501961
0.501961
0.501961
0.501961
0.501961
0.501961
0.501961
0.501961
0.501961
0.501961
0.501961
0.501961
0.501961
0.501961
0.541176
0.541176
0.541176
0.541176
0.541176
0.541176
0.568627
0.580392
0.580392
0.619608
0.619608
0.619608
0.619608
0.658824
0.658824
0.658824
0.658824
0.658824
0.658824
0.419608
0.698039
0.737255
0.705882
0.698039
0.698039
0.698039
0.737255
0.737255
0.737255
0.698039
0.698039
0.737255
0.698039
0.698039
0.698039
0.658824
0.658824
0.694118
0.619608
0.607843
0.580392
0.580392
0.580392
0.541176
0.541176
0.541176
0.541176
0.541176
0.501961
0.501961
0.501961
0.501961
0.501961
0.501961
0.501961
0.501961
0.501961
0.501961
0.501961
0.501961
0.501961
0.501961
0.501961
0.501961
0.501961
0.541176
0.541176
0.541176
0.541176
0.541176
0.568627
0.580392
0.580392
0.619608
0.619608
0.619608
0.658824
0.658824
0.658824
0.658824
0.658824
0.658824
0.466667
0.533333
0.698039
0.698039
0.698039
0.705882
0.737255
0.737255
0.737255
0.737255
0.737255
0.698039
0.698039
0.698039
0.698039
0.698039
0.698039
0.658824
0.658824
0.619608
0.619608
0.607843
0.580392
0.580392
0.541176
0.541176
0.541176
0.541176
0.541176
0.541176
0.501961
0.501961
0.501961
0.501961
0.501961
0.501961
0.501961
0.501961
0.501961
0.501961
0.501961
0.501961
0.501961
0.501961
0.501961
0.501961
0.501961
0.541176
0.541176
0.541176
0.541176
0.580392
0.580392
0.580392
0.580392
0.580392
0.619608
0.619608
0.658824
0.658824
0.658824
0.658824
0.647059
0.721569
0.431373
0.592157
0.698039
0.737255
0.737255
0.737255
0.737255
0.737255
0.737255
0.737255
0.737255
0.670588
0.737255
0.737255
0.698039
0.698039
0.698039
0.658824
0.658824
0.619608
0.619608
0.607843
0.580392
0.580392
0.541176
0.541176
0.541176
0.541176
0.541176
0.505882
0.501961
0.501961
0.501961
0.501961
0.501961
0.501961
0.501961
0.490196
0.462745
0.501961
0.501961
0.501961
0.501961
0.501961
0.501961
0.501961
0.501961
0.501961
0.541176
0.513726
0.580392
0.580392
0.580392
0.580392
0.580392
0.619608
0.619608
0.619608
0.658824
0.658824
0.658824
0.654902
0.698039
0.588235
0.431373
0.698039
0.698039
0.698039
0.725490
0.725490
0.698039
0.737255
0.737255
0.737255
0.698039
0.698039
0.737255
0.698039
0.698039
0.658824
0.658824
0.658824
0.619608
0.619608
0.588235
0.580392
0.580392
0.580392
0.541176
0.541176
0.525490
0.513726
0.541176
0.501961
0.501961
0.501961
0.501961
0.501961
0.501961
0.501961
0.501961
0.501961
0.501961
0.501961
0.501961
0.501961
0.501961
0.501961
0.501961
0.501961
0.501961
0.541176
0.541176
0.541176
0.541176
0.580392
0.580392
0.580392
0.580392
0.580392
0.580392
0.619608
0.658824
0.658824
0.658824
0.654902
0.737255
0.498039
0.501961
0.698039
0.698039
0.698039
0.725490
0.737255
0.737255
0.737255
0.737255
0.737255
0.737255
0.737255
0.737255
0.698039
0.698039
0.658824
0.658824
0.658824
0.619608
0.619608
0.588235
0.580392
0.580392
0.580392
0.541176
0.541176
0.541176
0.541176
0.501961
0.501961
0.501961
0.501961
0.501961
0.501961
0.501961
0.501961
0.501961
0.490196
0.462745
0.501961
0.501961
0.501961
0.501961
0.501961
0.501961
0.501961
0.501961
0.541176
0.541176
0.541176
0.541176
0.580392
0.580392
0.580392
0.580392
0.611765
0.619608
0.619608
0.619608
0.658824
0.658824
0.658824
0.607843
0.407843
0.580392
0.698039
0.698039
0.698039
0.725490
0.737255
0.737255
0.737255
0.737255
0.701961
0.694118
0.698039
0.698039
0.698039
0.698039
0.658824
0.658824
0.658824
0.619608
0.619608
0.619608
0.607843
0.580392
0.541176
0.541176
0.541176
0.525490
0.541176
0.501961
0.501961
0.501961
0.501961
0.501961
0.462745
0.462745
0.501961
0.470588
0.462745
0.462745
0.462745
0.501961
0.501961
0.501961
0.501961
0.501961
0.501961
0.501961
0.501961
0.541176
0.541176
0.541176
0.580392
0.580392
0.580392
0.580392
0.580392
0.580392
0.619608
0.619608
0.619608
0.619608
0.619608
0.458824
0.415686
0.635294
0.698039
0.733333
0.698039
0.666667
0.666667
0.698039
0.698039
0.698039
0.698039
0.698039
0.698039
0.698039
0.698039
0.658824
0.658824
0.658824
0.619608
0.619608
0.619608
0.588235
0.580392
0.580392
0.541176
0.541176
0.541176
0.541176
0.541176
0.501961
0.501961
0.501961
0.501961
0.462745
0.501961
0.462745
0.462745
0.462745
0.462745
0.462745
0.462745
0.462745
0.462745
0.462745
0.501961
0.501961
0.462745
0.501961
0.501961
0.541176
0.541176
0.541176
0.541176
0.541176
0.549020
0.580392
0.580392
0.580392
0.619608
0.603922
0.619608
0.619608
0.623529
0.435294
0.466667
0.658824
0.658824
0.658824
0.698039
0.698039
0.698039
0.698039
0.635294
0.698039
0.698039
0.698039
0.698039
0.698039
0.658824
0.658824
0.658824
0.619608
0.619608
0.619608
0.619608
0.619608
0.549020
0.580392
0.541176
0.541176
0.541176
0.541176
0.501961
0.501961
0.501961
0.501961
0.501961
0.462745
0.501961
0.462745
0.462745
0.462745
0.462745
0.462745
0.462745
0.462745
0.462745
0.462745
0.501961
0.501961
0.501961
0.501961
0.501961
0.501961
0.541176
0.541176
0.541176
0.541176
0.549020
0.580392
0.545098
0.580392
0.580392
0.619608
0.619608
0.619608
0.549020
0.411765
0.564706
0.658824
0.658824
0.698039
0.725490
0.705882
0.686275
0.658824
0.698039
0.698039
0.698039
0.658824
0.658824
0.658824
0.658824
0.658824
0.619608
0.619608
0.619608
0.580392
0.580392
0.549020
0.541176
0.541176
0.541176
0.541176
0.541176
0.501961
0.501961
0.501961
0.501961
0.462745
0.462745
0.501961
0.462745
0.462745
0.462745
0.462745
0.462745
0.462745
0.462745
0.462745
0.462745
0.462745
0.462745
0.462745
0.501961
0.501961
0.501961
0.501961
0.501961
0.541176
0.541176
0.541176
0.541176
0.541176
0.580392
0.580392
0.580392
0.619608
0.580392
0.619608
0.466667
0.439216
0.580392
0.654902
0.654902
0.658824
0.658824
0.627451
0.686275
0.658824
0.658824
0.658824
0.674510
0.658824
0.658824
0.658824
0.658824
0.654902
0.619608
0.619608
0.580392
0.580392
0.580392
0.549020
0.541176
0.541176
0.541176
0.541176
0.501961
0.501961
0.501961
0.501961
0.462745
0.462745
0.462745
0.462745
0.462745
0.462745
0.462745
0.462745
0.462745
0.462745
0.462745
0.462745
0.462745
0.462745
0.462745
0.462745
0.462745
0.501961
0.501961
0.501961
0.501961
0.501961
0.541176
0.541176
0.541176
0.541176
0.541176
0.580392
0.580392
0.580392
0.580392
0.580392
