0.541176
0.580392
0.580392
0.580392
0.580392
0.580392
0.580392
0.580392
0.568627
0.541176
0.541176
0.541176
0.541176
0.541176
0.541176
0.580392
0.580392
0.580392
0.580392
0.619608
0.619608
0.658824
0.658824
0.658824
0.658824
0.658824
0.658824
0.658824
0.658824
0.658824
0.658824
0.658824
0.658824
0.658824
0.658824
0.658824
0.658824
0.658824
0.658824
0.658824
0.658824
0.658824
0.658824
0.658824
0.658824
0.658824
0.658824
0.619608
0.619608
0.619608
0.580392
0.580392
0.580392
0.580392
0.580392
0.580392
0.580392
0.580392
0.541176
0.541176
0.541176
0.541176
0.541176
0.541176
0.580392
0.580392
0.580392
0.580392
0.580392
0.580392
0.580392
0.580392
0.580392
0.580392
0.580392
0.580392
0.580392
0.580392
0.580392
0.580392
0.580392
0.580392
0.619608
0.619608
0.658824
0.658824
0.658824
0.686275
0.698039
0.698039
0.698039
0.698039
0.698039
0.698039
0.698039
0.698039
0.658824
0.658824
0.658824
0.658824
0.658824
0.658824
0.658824
0.658824
0.658824
0.658824
0.658824
0.658824
0.658824
0.658824
0.658824
0.658824
0.619608
0.619608
0.619608
0.619608
0.580392
0.580392
0.580392
0.580392
0.580392
0.580392
0.580392
0.580392
0.580392
0.580392
0.580392
0.580392
0.580392
0.580392
0.580392
0.580392
0.580392
0.580392
0.580392
0.580392
0.580392
0.580392
0.580392
0.580392
0.580392
0.580392
0.580392
0.580392
0.580392
0.619608
0.619608
0.619608
0.658824
0.658824
0.658824
0.686275
0.698039
0.698039
0.698039
0.698039
0.698039
0.698039
0.698039
0.698039
0.698039
0.698039
0.658824
0.658824
0.658824
0.658824
0.658824
0.658824
0.658824
0.658824
0.658824
0.658824
0.658824
0.658824
0.658824
0.658824
0.619608
0.619608
0.619608
0.619608
0.619608
0.580392
0.580392
0.580392
0.580392
0.580392
0.580392
0.580392
0.580392
0.580392
0.580392
0.580392
0.580392
0.580392
0.580392
0.580392
0.580392
0.580392
0.580392
0.580392
0.580392
0.580392
0.580392
0.580392
0.580392
0.580392
0.580392
0.580392
0.580392
0.619608
0.619608
0.658824
0.658824
0.658824
0.698039
0.698039
0.698039
0.698039
0.698039
0.698039
0.698039
0.698039
0.698039
0.698039
0.698039
0.698039
0.658824
0.658824
0.658824
0.658824
0.658824
0.658824
0.658824
0.658824
0.658824
0.658824
0.658824
0.658824
0.658824
0.658824
0.658824
0.619608
0.619608
0.619608
0.619608
0.580392
0.580392
0.580392
0.580392
0.580392
0.580392
0.580392
0.580392
0.580392
0.580392
0.580392
0.580392
0.580392
0.580392
0.580392
0.580392
0.580392
0.580392
0.580392
0.580392
0.580392
0.580392
0.580392
0.580392
0.580392
0.580392
0.619608
0.619608
0.619608
0.619608
0.658824
0.658824
0.698039
0.698039
0.698039
0.698039
0.698039
0.737255
0.737255
0.737255
0.698039
0.698039
0.698039
0.698039
0.698039
0.658824
0.658824
0.658824
0.658824
0.658824
0.658824
0.658824
0.658824
0.658824
0.658824
0.658824
0.658824
0.658824
0.658824
0.658824
0.619608
0.619608
0.619608
0.619608
0.619608
0.580392
0.580392
0.580392
0.580392
0.580392
0.580392
0.580392
0.619608
0.619608
0.619608
0.580392
0.580392
0.580392
0.580392
0.580392
0.580392
0.580392
0.580392
0.588235
0.619608
0.619608
0.580392
0.619608
0.619608
0.619608
0.619608
0.619608
0.619608
0.658824
0.658824
0.658824
0.698039
0.698039
0.698039
0.705882
0.737255
0.737255
0.737255
0.737255
0.737255
0.698039
0.698039
0.698039
0.698039
0.658824
0.658824
0.658824
0.658824
0.658824
0.658824
0.658824
0.658824
0.658824
0.658824
0.658824
0.658824
0.658824
0.658824
0.658824
0.658824
0.619608
0.619608
0.619608
0.619608
0.619608
0.619608
0.619608
0.619608
0.619608
0.619608
0.619608
0.580392
0.596078
0.596078
0.580392
0.580392
0.580392
0.580392
0.580392
0.580392
0.580392
0.580392
0.588235
0.619608
0.619608
0.580392
0.619608
0.619608
0.619608
0.619608
0.619608
0.619608
0.658824
0.658824
0.658824
0.698039
0.698039
0.698039
0.705882
0.737255
0.737255
0.737255
0.737255
0.737255
0.698039
0.698039
0.698039
0.658824
0.658824
0.658824
0.658824
0.658824
0.658824
0.658824
0.658824
0.658824
0.658824
0.658824
0.658824
0.658824
0.658824
0.658824
0.658824
0.658824
0.619608
0.619608
0.619608
0.619608
0.619608
0.556863
0.513726
0.454902
0.494118
0.592157
0.627451
0.631373
0.650980
0.619608
0.580392
0.580392
0.580392
0.580392
0.619608
0.619608
0.619608
0.619608
0.619608
0.619608
0.545098
0.619608
0.619608
0.619608
0.619608
0.619608
0.619608
0.619608
0.658824
0.658824
0.658824
0.698039
0.698039
0.725490
0.737255
0.737255
0.737255
0.737255
0.737255
0.737255
0.698039
0.698039
0.698039
0.658824
0.658824
0.658824
0.658824
0.658824
0.658824
0.658824
0.658824
0.658824
0.658824
0.658824
0.658824
0.658824
0.658824
0.619608
0.643137
0.576471
0.392157
0.556863
0.611765
0.619608
0.619608
0.619608
0.619608
0.619608
0.619608
0.619608
0.619608
0.619608
0.619608
0.658824
0.580392
0.580392
0.580392
0.580392
0.619608
0.619608
0.619608
0.619608
0.627451
0.580392
0.611765
0.619608
0.619608
0.619608
0.619608
0.619608
0.619608
0.658824
0.658824
0.658824
0.698039
0.698039
0.698039
0.725490
0.737255
0.737255
0.737255
0.737255
0.737255
0.698039
0.698039
0.698039
0.698039
0.658824
0.658824
0.658824
0.658824
0.658824
0.658824
0.658824
0.658824
0.658824
0.658824
0.674510
0.466667
0.462745
0.580392
0.658824
0.658824
0.658824
0.619608
0.619608
0.619608
0.619608
0.619608
0.619608
0.619608
0.619608
0.619608
0.619608
0.658824
0.658824
0.658824
0.658824
0.580392
0.580392
0.580392
0.580392
0.619608
0.619608
0.619608
0.619608
0.619608
0.541176
0.619608
0.619608
0.619608
0.619608
0.619608
0.619608
0.619608
0.658824
0.658824
0.658824
0.698039
0.698039
0.698039
0.725490
0.737255
0.737255
0.737255
0.737255
0.737255
0.698039
0.698039
0.698039
0.658824
0.658824
0.658824
0.658824
0.658824
0.658824
0.658824
0.658824
0.662745
0.458824
0.533333
0.670588
0.658824
0.658824
0.658824
0.658824
0.658824
0.658824
0.658824
0.658824
0.658824
0.619608
0.619608
0.619608
0.619608
0.619608
0.619608
0.619608
0.658824
0.658824
0.658824
0.658824
0.580392
0.580392
0.580392
0.619608
0.619608
0.619608
0.619608
0.619608
0.600000
0.615686
0.619608
0.619608
0.619608
0.619608
0.619608
0.619608
0.619608
0.619608
0.658824
0.658824
0.698039
0.698039
0.698039
0.698039
0.705882
0.737255
0.737255
0.737255
0.698039
0.698039
0.698039
0.658824
0.658824
0.658824
0.658824
0.658824
0.658824
0.619608
0.639216
0.372549
0.615686
0.658824
0.658824
0.658824
0.658824
0.658824
0.658824
0.658824
0.658824
0.658824
0.658824
0.619608
0.619608
0.619608
0.619608
0.647059
0.658824
0.658824
0.658824
0.658824
0.658824
0.658824
0.658824
0.658824
0.580392
0.580392
0.619608
0.619608
0.619608
0.619608
0.619608
0.615686
0.607843
0.619608
0.619608
0.619608
0.619608
0.619608
0.619608
0.619608
0.619608
0.658824
0.658824
0.658824
0.698039
0.698039
0.698039
0.698039
0.698039
0.698039
0.701961
0.698039
0.698039
0.698039
0.662745
0.658824
0.658824
0.658824
0.658824
0.631373
0.647059
0.403922
0.658824
0.658824
0.658824
0.658824
0.658824
0.658824
0.658824
0.658824
0.658824
0.658824
0.658824
0.658824
0.619608
0.619608
0.619608
0.619608
0.658824
0.658824
0.658824
0.658824
0.658824
0.658824
0.658824
0.658824
0.658824
0.658824
0.580392
0.580392
0.619608
0.619608
0.619608
0.619608
0.619608
0.560784
0.619608
0.619608
0.619608
0.619608
0.619608
0.619608
0.619608
0.619608
0.658824
0.658824
0.658824
0.658824
0.658824
0.698039
0.698039
0.698039
0.698039
0.698039
0.698039
0.698039
0.698039
0.698039
0.658824
0.658824
0.658824
0.658824
0.505882
0.400000
0.643137
0.658824
0.619608
0.619608
0.619608
0.619608
0.619608
0.658824
0.658824
0.658824
0.658824
0.658824
0.658824
0.658824
0.658824
0.658824
0.658824
0.619608
0.619608
0.647059
0.658824
0.658824
0.658824
0.658824
0.658824
0.658824
0.658824
0.658824
0.580392
0.580392
0.619608
0.619608
0.619608
0.619608
0.631373
0.611765
0.619608
0.619608
0.619608
0.619608
0.619608
0.619608
0.619608
0.619608
0.619608
0.619608
0.658824
0.658824
0.658824
0.658824
0.698039
0.698039
0.698039
0.698039
0.698039
0.698039
0.698039
0.658824
0.658824
0.698039
0.474510
0.458824
0.658824
0.658824
0.619608
0.619608
0.619608
0.619608
0.619608
0.619608
0.658824
0.619608
0.619608
0.619608
0.619608
0.658824
0.658824
0.658824
0.658824
0.658824
0.658824
0.658824
0.658824
0.658824
0.658824
0.658824
0.658824
0.658824
0.658824
0.658824
0.658824
0.698039
0.603922
0.603922
0.619608
0.619608
0.619608
0.615686
0.525490
0.615686
0.619608
0.619608
0.619608
0.619608
0.619608
0.619608
0.619608
0.619608
0.619608
0.619608
0.658824
0.658824
0.658824
0.658824
0.674510
0.690196
0.698039
0.698039
0.698039
0.698039
0.658824
0.654902
0.313726
0.568627
0.643137
0.658824
0.635294
0.635294
0.619608
0.619608
0.619608
0.619608
0.619608
0.619608
0.619608
0.619608
0.619608
0.619608
0.619608
0.658824
0.658824
0.658824
0.658824
0.658824
0.658824
0.658824
0.658824
0.658824
0.658824
0.658824
0.658824
0.658824
0.658824
0.658824
0.682353
0.698039
0.619608
0.619608
0.619608
0.619608
0.619608
0.556863
0.619608
0.619608
0.619608
0.619608
0.619608
0.619608
0.619608
0.619608
0.619608
0.619608
0.619608
0.619608
0.658824
0.658824
0.658824
0.658824
0.658824
0.658824
0.658824
0.658824
0.658824
0.568627
0.384314
0.658824
0.658824
0.658824
0.658824
0.619608
0.619608
0.619608
0.619608
0.619608
0.619608
0.619608
0.619608
0.619608
0.619608
0.619608
0.619608
0.619608
0.619608
0.658824
0.658824
0.658824
0.658824
0.658824
0.658824
0.658824
0.658824
0.658824
0.658824
0.658824
0.658824
0.658824
0.658824
0.658824
0.698039
0.698039
0.619608
0.619608
0.619608
0.619608
0.603922
0.545098
0.619608
0.619608
0.619608
0.619608
0.619608
0.619608
0.619608
0.619608
0.619608
0.619608
0.619608
0.619608
0.619608
0.658824
0.658824
0.658824
0.658824
0.631373
0.709804
0.372549
0.545098
0.690196
0.658824
0.658824
0.658824
0.658824
0.619608
0.619608
0.619608
0.619608
0.619608
0.619608
0.619608
0.619608
0.619608
0.619608
0.619608
0.619608
0.619608
0.619608
0.619608
0.619608
0.619608
0.658824
0.658824
0.658824
0.658824
0.658824
0.658824
0.658824
0.658824
0.658824
0.658824
0.658824
0.658824
0.658824
0.658824
0.698039
0.619608
0.619608
0.619608
0.619608
0.596078
0.619608
0.619608
0.619608
0.619608
0.619608
0.619608
0.619608
0.619608
0.619608
0.619608
0.619608
0.619608
0.619608
0.619608
0.619608
0.619608
0.650980
0.584314
0.282353
0.623529
0.647059
0.658824
0.658824
0.658824
0.658824
0.619608
0.619608
0.619608
0.619608
0.619608
0.619608
0.619608
0.619608
0.619608
0.619608
0.619608
0.619608
0.619608
0.619608
0.619608
0.619608
0.619608
0.619608
0.619608
0.658824
0.658824
0.658824
0.658824
0.658824
0.658824
0.658824
0.658824
0.658824
0.658824
0.658824
0.658824
0.658824
0.658824
0.658824
0.619608
0.619608
0.619608
0.611765
0.545098
0.619608
0.619608
0.619608
0.619608
0.619608
0.619608
0.619608
0.619608
0.619608
0.619608
0.619608
0.619608
0.619608
0.619608
0.619608
0.623529
0.274510
0.607843
0.623529
0.619608
0.619608
0.658824
0.658824
0.619608
0.619608
0.619608
0.619608
0.619608
0.619608
0.619608
0.619608
0.619608
0.619608
0.619608
0.619608
0.619608
0.619608
0.619608
0.619608
0.619608
0.619608
0.619608
0.619608
0.658824
0.619608
0.658824
0.658824
0.658824
0.658824
0.658824
0.658824
0.658824
0.658824
0.658824
0.658824
0.658824
0.658824
0.658824
0.658824
0.619608
0.619608
0.619608
0.533333
0.619608
0.619608
0.619608
0.619608
0.619608
0.619608
0.619608
0.619608
0.619608
0.619608
0.619608
0.619608
0.619608
0.619608
0.635294
0.505882
0.305882
0.619608
0.619608
0.619608
0.619608
0.619608
0.619608
0.619608
0.619608
0.619608
0.619608
0.619608
0.619608
0.619608
0.619608
0.619608
0.619608
0.619608
0.619608
0.619608
0.619608
0.619608
0.619608
0.619608
0.619608
0.619608
0.619608
0.619608
0.658824
0.658824
0.658824
0.658824
0.658824
0.658824
0.658824
0.658824
0.658824
0.658824
0.658824
0.658824
0.658824
0.658824
0.658824
0.658824
0.619608
0.619608
0.607843
0.549020
0.619608
0.619608
0.619608
0.619608
0.619608
0.619608
0.619608
0.619608
0.619608
0.619608
0.619608
0.619608
0.627451
0.592157
0.250980
0.572549
0.619608
0.619608
0.619608
0.619608
0.619608
0.619608
0.619608
0.619608
0.619608
0.619608
0.619608
0.619608
0.619608
0.619608
0.619608
0.619608
0.619608
0.619608
0.619608
0.619608
0.619608
0.619608
0.619608
0.619608
0.619608
0.619608
0.619608
0.658824
0.658824
0.658824
0.658824
0.658824
0.658824
0.658824
0.658824
0.658824
0.658824
0.658824
0.658824
0.658824
0.658824
0.658824
0.658824
0.654902
0.619608
0.619608
0.498039
0.619608
0.619608
0.619608
0.619608
0.619608
0.619608
0.619608
0.619608
0.619608
0.619608
0.619608
0.619608
0.596078
0.294118
0.478431
0.619608
0.619608
0.619608
0.619608
0.619608
0.619608
0.619608
0.619608
0.619608
0.619608
0.619608
0.619608
0.619608
0.619608
0.619608
0.619608
0.619608
0.619608
0.619608
0.619608
0.619608
0.619608
0.619608
0.619608
0.619608
0.619608
0.619608
0.658824
0.658824
0.658824
0.658824
0.658824
0.658824
0.658824
0.658824
0.658824
0.658824
0.658824
0.658824
0.658824
0.658824
0.658824
0.658824
0.658824
0.533333
0.321569
0.619608
0.603922
0.603922
0.658824
0.658824
0.658824
0.658824
0.658824
0.658824
0.658824
0.658824
0.658824
0.619608
0.643137
0.364706
0.392157
0.619608
0.619608
0.619608
0.619608
0.619608
0.619608
0.619608
0.619608
0.619608
0.619608
0.619608
0.619608
0.619608
0.619608
0.619608
0.619608
0.619608
0.619608
0.619608
0.619608
0.619608
0.619608
0.619608
0.619608
0.619608
0.619608
0.619608
0.619608
0.619608
0.658824
0.658824
0.658824
0.658824
0.658824
0.658824
0.658824
0.658824
0.658824
0.658824
0.658824
0.658824
0.658824
0.658824
0.658824
0.654902
0.329412
0.388235
0.658824
0.619608
0.537255
0.658824
0.658824
0.658824
0.658824
0.658824
0.658824
0.658824
0.658824
0.658824
0.658824
0.490196
0.305882
0.686275
0.619608
0.619608
0.619608
0.619608
0.619608
0.619608
0.619608
0.619608
0.619608
0.619608
0.619608
0.619608
0.619608
0.619608
0.619608
0.619608
0.619608
0.619608
0.619608
0.619608
0.619608
0.619608
0.619608
0.619608
0.619608
0.619608
0.619608
0.619608
0.658824
0.658824
0.658824
0.658824
0.658824
0.658824
0.658824
0.658824
0.658824
0.658824
0.658824
0.658824
0.658824
0.658824
0.658824
0.658824
0.658824
0.266667
0.643137
0.658824
0.658824
0.588235
0.635294
0.658824
0.658824
0.658824
0.658824
0.658824
0.658824
0.658824
0.658824
0.658824
0.270588
0.580392
0.658824
0.658824
0.658824
0.658824
0.619608
0.619608
0.619608
0.619608
0.619608
0.619608
0.619608
0.619608
0.619608
0.619608
0.619608
0.619608
0.619608
0.619608
0.619608
0.619608
0.619608
0.619608
0.619608
0.619608
0.619608
0.619608
0.619608
0.619608
0.619608
0.619608
0.658824
0.658824
0.658824
0.658824
0.658824
0.658824
0.658824
0.658824
0.658824
0.658824
0.658824
0.658824
0.658824
0.658824
0.658824
0.658824
0.309804
0.709804
0.658824
0.658824
0.658824
0.576471
0.658824
0.658824
0.658824
0.698039
0.698039
0.698039
0.698039
0.690196
0.474510
0.337255
0.678431
0.698039
0.658824
0.658824
0.658824
0.658824
0.658824
0.619608
0.619608
0.619608
0.619608
0.619608
0.619608
0.619608
0.619608
0.619608
0.619608
0.619608
0.619608
0.619608
0.619608
0.619608
0.619608
0.619608
0.619608
0.619608
0.619608
0.619608
0.619608
0.619608
0.619608
0.658824
0.658824
0.658824
0.658824
0.658824
0.658824
0.658824
0.658824
0.698039
0.698039
0.698039
0.698039
0.698039
0.698039
0.686275
0.658824
0.607843
0.282353
0.650980
0.658824
0.658824
0.658824
0.611765
0.658824
0.658824
0.698039
0.698039
0.698039
0.698039
0.760784
0.349020
0.458824
0.647059
0.698039
0.698039
0.698039
0.698039
0.658824
0.658824
0.658824
0.658824
0.619608
0.619608
0.619608
0.619608
0.619608
0.619608
0.619608
0.619608
0.619608
0.619608
0.619608
0.619608
0.619608
0.619608
0.619608
0.619608
0.619608
0.619608
0.619608
0.619608
0.619608
0.627451
0.658824
0.658824
0.658824
0.658824
0.658824
0.658824
0.658824
0.658824
0.698039
0.698039
0.698039
0.698039
0.698039
0.698039
0.698039
0.686275
0.658824
0.376471
0.305882
0.603922
0.658824
0.658824
0.658824
0.658824
0.658824
0.658824
0.698039
0.698039
0.713726
0.529412
0.282353
0.745098
0.737255
0.737255
0.737255
0.698039
0.698039
0.698039
0.698039
0.658824
0.658824
0.658824
0.619608
0.619608
0.619608
0.619608
0.619608
0.619608
0.619608
0.619608
0.619608
0.619608
0.619608
0.619608
0.619608
0.619608
0.619608
0.619608
0.619608
0.619608
0.619608
0.619608
0.647059
0.658824
0.658824
0.658824
0.658824
0.658824
0.658824
0.658824
0.698039
0.698039
0.698039
0.698039
0.698039
0.698039
0.698039
0.698039
0.698039
0.698039
0.698039
0.266667
0.509804
0.658824
0.658824
0.658824
0.658824
0.658824
0.658824
0.658824
0.698039
0.737255
0.368627
0.400000
0.729412
0.737255
0.737255
0.737255
0.737255
0.737255
0.737255
0.698039
0.698039
0.658824
0.658824
0.658824
0.658824
0.619608
0.619608
0.619608
0.619608
0.619608
0.619608
0.619608
0.619608
0.619608
0.619608
0.619608
0.619608
0.619608
0.619608
0.619608
0.619608
0.619608
0.619608
0.619608
0.647059
0.658824
0.658824
0.658824
0.658824
0.658824
0.698039
0.698039
0.698039
0.698039
0.737255
0.737255
0.698039
0.698039
0.698039
0.698039
0.698039
0.698039
0.698039
0.301961
0.698039
0.658824
0.658824
0.658824
0.658824
0.658824
0.658824
0.658824
0.682353
0.349020
0.674510
0.737255
0.737255
0.737255
0.737255
0.737255
0.737255
0.737255
0.737255
0.698039
0.698039
0.698039
0.658824
0.658824
0.658824
0.619608
0.619608
0.619608
0.619608
0.619608
0.619608
0.619608
0.619608
0.619608
0.619608
0.619608
0.619608
0.619608
0.619608
0.619608
0.619608
0.619608
0.619608
0.619608
0.647059
0.658824
0.658824
0.658824
0.658824
0.698039
0.698039
0.698039
0.737255
0.737255
0.737255
0.737255
0.737255
0.698039
0.698039
0.698039
0.698039
0.713726
0.513726
0.305882
0.650980
0.658824
0.658824
0.658824
0.658824
0.658824
0.658824
0.498039
0.329412
0.666667
0.737255
0.737255
0.764706
0.776471
0.776471
0.776471
0.737255
0.737255
0.737255
0.737255
0.698039
0.698039
0.658824
0.658824
0.658824
0.619608
0.619608
0.619608
0.619608
0.619608
0.619608
0.619608
0.619608
0.619608
0.619608
0.619608
0.619608
0.619608
0.619608
0.619608
0.619608
0.619608
0.619608
0.619608
0.647059
0.658824
0.658824
0.658824
0.658824
0.698039
0.698039
0.698039
0.737255
0.737255
0.737255
0.737255
0.737255
0.737255
0.737255
0.737255
0.705882
0.694118
0.329412
0.400000
0.658824
0.658824
0.658824
0.658824
0.658824
0.654902
0.345098
0.396078
0.698039
0.737255
0.737255
0.737255
0.764706
0.776471
0.776471
0.776471
0.776471
0.737255
0.737255
0.737255
0.698039
0.658824
0.658824
0.658824
0.619608
0.619608
0.619608
0.619608
0.619608
0.619608
0.619608
0.619608
0.619608
0.619608
0.619608
0.619608
0.619608
0.580392
0.619608
0.619608
0.619608
0.619608
0.619608
0.619608
0.647059
0.658824
0.658824
0.658824
0.698039
0.698039
0.698039
0.737255
0.737255
0.737255
0.737255
0.737255
0.737255
0.737255
0.737255
0.737255
0.705882
0.721569
0.317647
0.662745
0.698039
0.658824
0.658824
0.658824
0.658824
0.333333
0.529412
0.698039
0.698039
0.737255
0.737255
0.737255
0.737255
0.745098
0.776471
0.776471
0.776471
0.737255
0.737255
0.698039
0.698039
0.658824
0.658824
0.658824
0.619608
0.619608
0.619608
0.619608
0.619608
0.619608
0.619608
0.580392
0.619608
0.580392
0.580392
0.619608
0.619608
0.619608
0.580392
0.619608
0.619608
0.619608
0.619608
0.619608
0.647059
0.658824
0.658824
0.658824
0.698039
0.698039
0.698039
0.698039
0.737255
0.737255
0.737255
0.737255
0.737255
0.737255
0.737255
0.737255
0.705882
0.635294
0.321569
0.682353
0.658824
0.658824
0.658824
0.658824
0.658824
0.623529
0.658824
0.658824
0.698039
0.698039
0.698039
0.737255
0.737255
0.737255
0.737255
0.737255
0.737255
0.737255
0.698039
0.698039
0.698039
0.658824
0.658824
0.658824
0.619608
0.619608
0.619608
0.580392
0.580392
0.580392
0.580392
0.580392
0.580392
0.580392
0.580392
0.580392
0.580392
0.580392
0.619608
0.619608
0.619608
0.619608
0.619608
0.619608
0.647059
0.658824
0.658824
0.658824
0.658824
0.698039
0.698039
0.698039
0.698039
0.737255
0.737255
0.737255
0.737255
0.737255
0.737255
0.737255
0.721569
0.345098
0.305882
0.686275
0.658824
0.658824
0.658824
0.658824
0.619608
0.658824
0.658824
0.658824
0.658824
0.698039
0.698039
0.698039
0.698039
0.698039
0.698039
0.737255
0.737255
0.698039
0.698039
0.698039
0.658824
0.658824
0.658824
0.619608
0.619608
0.619608
0.619608
0.580392
0.580392
0.580392
0.580392
0.580392
0.580392
0.580392
0.580392
0.580392
0.580392
0.580392
0.619608
0.619608
0.619608
0.619608
0.619608
0.619608
0.647059
0.658824
0.658824
0.658824
0.698039
0.698039
0.698039
0.737255
0.698039
0.694118
0.737255
0.737255
0.737255
0.737255
0.737255
0.698039
0.768627
0.396078
0.454902
0.658824
0.658824
0.658824
0.658824
0.658824
0.658824
0.619608
0.658824
0.658824
0.658824
0.658824
0.698039
0.698039
0.698039
0.698039
0.698039
0.698039
0.698039
0.698039
0.698039
0.698039
0.658824
0.658824
0.658824
0.619608
0.619608
0.619608
0.580392
0.580392
0.580392
0.580392
0.580392
0.580392
0.580392
0.580392
0.580392
0.580392
0.580392
0.580392
0.619608
0.619608
0.619608
0.619608
0.619608
0.619608
0.647059
0.658824
0.658824
0.658824
0.658824
0.698039
0.698039
0.698039
0.698039
0.698039
0.698039
0.737255
0.698039
0.698039
0.698039
0.698039
0.627451
0.321569
0.650980
0.658824
0.658824
0.658824
0.658824
0.658824
0.658824
0.619608
0.619608
0.619608
0.658824
0.658824
0.658824
0.658824
0.658824
0.666667
0.698039
0.658824
0.698039
0.658824
0.658824
0.658824
0.658824
0.619608
0.619608
0.619608
0.619608
0.580392
0.580392
0.580392
0.580392
0.580392
0.580392
0.580392
0.580392
0.580392
0.580392
0.580392
0.580392
0.580392
0.580392
0.619608
0.619608
0.619608
0.619608
0.619608
0.647059
0.658824
0.658824
0.658824
0.658824
0.658824
0.698039
0.698039
0.698039
0.698039
0.698039
0.698039
0.698039
0.698039
0.698039
0.666667
0.372549
0.329412
0.666667
0.658824
0.658824
0.658824
0.658824
0.658824
0.619608
0.619608
0.619608
0.619608
0.619608
0.658824
0.658824
0.658824
0.658824
0.658824
0.658824
0.658824
0.658824
0.658824
0.658824
0.619608
0.619608
0.619608
0.619608
0.619608
0.580392
0.580392
0.580392
0.580392
0.580392
0.580392
0.580392
0.580392
0.580392
0.580392
0.580392
0.580392
0.580392
0.580392
0.580392
0.580392
0.580392
0.580392
0.619608
0.619608
0.619608
0.627451
0.658824
0.658824
0.658824
0.658824
0.658824
0.658824
0.698039
0.698039
0.698039
0.658824
0.658824
0.698039
0.658824
0.674510
0.305882
0.356863
0.658824
0.658824
0.658824
0.658824
0.658824
0.658824
0.619608
0.619608
0.619608
0.619608
0.619608
0.619608
0.619608
0.619608
0.647059
0.658824
0.658824
0.658824
0.619608
0.619608
0.619608
0.619608
0.619608
0.619608
0.580392
0.580392
0.580392
0.580392
0.580392
0.580392
0.580392
0.580392
0.580392
0.580392
0.580392
0.580392
0.580392
0.580392
0.580392
0.580392
0.580392
0.619608
0.619608
0.580392
0.619608
0.619608
0.619608
0.619608
0.619608
0.619608
0.658824
0.658824
0.658824
0.658824
0.658824
0.658824
0.658824
0.658824
0.658824
0.658824
0.658824
0.627451
0.250980
0.592157
0.658824
0.658824
0.619608
0.619608
0.658824
0.658824
0.619608
0.580392
0.580392
0.619608
0.619608
0.619608
0.619608
0.619608
0.619608
0.619608
0.619608
0.619608
0.619608
0.619608
0.619608
0.619608
0.580392
0.580392
0.580392
0.580392
0.580392
0.580392
0.580392
0.541176
0.541176
0.541176
0.541176
0.580392
0.580392
0.580392
0.580392
0.580392
0.580392
0.580392
0.580392
0.580392
0.580392
0.580392
0.580392
0.580392
0.607843
0.619608
0.619608
0.619608
0.619608
0.619608
0.658824
0.658824
0.658824
0.658824
0.658824
0.658824
0.658824
0.658824
0.690196
0.368627
0.305882
0.662745
0.658824
0.658824
0.658824
0.619608
0.658824
0.619608
0.619608
0.580392
0.580392
0.580392
0.580392
0.619608
0.619608
0.619608
0.619608
0.619608
0.619608
0.619608
0.619608
0.619608
0.580392
0.580392
0.580392
0.580392
0.580392
0.580392
0.580392
0.541176
0.541176
0.541176
0.541176
0.541176
0.541176
0.541176
0.541176
0.580392
0.580392
0.580392
0.580392
0.580392
0.580392
0.580392
0.580392
0.580392
0.580392
0.580392
0.580392
0.580392
0.580392
0.619608
0.619608
0.619608
0.619608
0.619608
0.658824
0.619608
0.619608
0.658824
0.658824
0.619608
0.670588
0.266667
0.180392
0.654902
0.658824
0.658824
0.658824
0.658824
0.658824
0.658824
0.619608
0.580392
0.580392
0.619608
0.580392
0.619608
0.619608
0.619608
0.619608
0.619608
0.619608
0.619608
0.619608
0.580392
0.580392
0.580392
0.580392
0.580392
0.580392
0.580392
0.541176
0.541176
0.541176
0.541176
0.541176
0.541176
0.541176
0.541176
0.541176
0.541176
0.541176
0.580392
0.580392
0.580392
0.580392
0.580392
0.580392
0.580392
0.580392
0.580392
0.580392
0.580392
0.580392
0.580392
0.619608
0.619608
0.619608
0.619608
0.619608
0.619608
0.658824
0.658824
0.619608
0.619608
0.619608
0.266667
0.419608
0.643137
0.658824
0.658824
0.658824
0.658824
0.658824
0.658824
0.619608
0.580392
0.580392
0.580392
0.619608
0.619608
0.619608
0.619608
0.619608
0.619608
0.619608
0.619608
0.619608
0.580392
0.580392
0.580392
0.580392
0.580392
0.580392
0.541176
0.541176
0.541176
0.541176
0.541176
0.541176
0.541176
0.541176
0.541176
0.541176
0.541176
0.541176
0.541176
0.541176
0.580392
0.580392
0.580392
0.580392
0.580392
0.580392
0.580392
0.580392
0.580392
0.580392
0.580392
0.580392
0.580392
0.619608
0.619608
0.619608
0.619608
0.619608
0.619608
0.619608
0.619608
0.482353
0.274510
0.639216
0.658824
0.658824
0.658824
0.658824
0.658824
0.619608
0.658824
0.619608
0.619608
0.615686
0.615686
0.619608
0.619608
0.619608
0.619608
0.619608
0.619608
0.619608
0.619608
0.580392
0.580392
0.580392
0.580392
0.580392
0.580392
0.580392
0.541176
0.541176
0.541176
0.541176
0.541176
0.541176
0.541176
0.541176
0.541176
0.541176
0.541176
0.541176
0.541176
0.541176
0.545098
0.541176
0.545098
0.545098
0.545098
0.580392
0.580392
0.580392
0.580392
0.580392
0.580392
0.580392
0.580392
0.619608
0.619608
0.619608
0.619608
0.619608
0.619608
0.619608
0.596078
0.270588
0.282353
0.654902
0.658824
0.658824
0.658824
0.658824
0.658824
0.658824
0.658824
0.658824
0.619608
0.619608
0.619608
0.619608
0.619608
0.619608
0.619608
0.619608
0.619608
0.619608
0.619608
0.580392
0.580392
0.580392
0.580392
0.580392
0.580392
0.580392
0.580392
0.541176
0.541176
0.541176
0.541176
0.541176
0.541176
0.541176
0.541176
0.541176
0.541176
0.541176
0.541176
0.541176
0.541176
0.541176
0.541176
0.541176
0.541176
0.541176
0.541176
0.568627
0.580392
0.580392
0.580392
0.580392
0.580392
0.619608
0.619608
0.619608
0.619608
0.619608
0.619608
0.619608
0.615686
0.266667
0.262745
0.647059
0.658824
0.658824
0.658824
0.658824
0.658824
0.658824
0.658824
0.658824
0.619608
0.619608
0.619608
0.658824
0.658824
0.658824
0.658824
0.627451
0.619608
0.619608
0.619608
0.619608
0.580392
0.580392
0.580392
0.580392
0.541176
0.580392
0.541176
0.541176
0.541176
0.541176
0.541176
0.541176
0.541176
0.541176
0.541176
0.541176
0.541176
0.541176
0.541176
0.541176
0.541176
0.541176
0.541176
0.541176
0.541176
0.541176
0.541176
0.568627
0.580392
0.580392
0.580392
0.580392
0.580392
0.619608
0.619608
0.619608
0.619608
0.619608
0.619608
0.619608
0.603922
0.305882
0.270588
0.650980
0.658824
0.658824
0.658824
0.658824
0.658824
0.658824
0.658824
0.658824
0.643137
0.658824
0.658824
0.658824
0.658824
0.658824
0.658824
0.658824
0.658824
0.658824
0.619608
0.619608
0.619608
0.580392
0.580392
0.580392
0.580392
0.580392
0.541176
0.541176
0.541176
0.541176
0.541176
0.541176
0.541176
0.541176
0.541176
0.541176
0.541176
0.541176
0.541176
0.541176
0.541176
0.541176
0.541176
0.556863
0.541176
0.541176
0.541176
0.541176
0.549020
0.580392
0.580392
0.580392
0.580392
0.619608
0.619608
0.619608
0.619608
0.619608
0.619608
0.643137
0.658824
0.482353
0.282353
0.600000
0.666667
0.682353
0.682353
0.682353
0.698039
0.682353
0.698039
0.698039
0.658824
0.658824
0.658824
0.698039
0.698039
0.698039
0.658824
0.658824
0.658824
0.658824
0.658824
0.619608
0.619608
0.580392
0.580392
0.580392
0.580392
0.580392
0.580392
0.541176
0.541176
0.541176
0.541176
0.541176
0.541176
0.541176
0.541176
0.541176
0.541176
0.541176
0.541176
0.541176
0.541176
0.541176
0.541176
0.541176
0.541176
0.541176
0.541176
0.541176
0.549020
0.580392
0.580392
0.580392
0.580392
0.619608
0.619608
0.619608
0.619608
0.658824
0.658824
0.658824
0.658824
0.647059
0.345098
0.345098
0.713726
0.698039
0.698039
0.698039
0.698039
0.698039
0.698039
0.698039
0.658824
0.658824
0.658824
0.698039
0.698039
0.698039
0.698039
0.666667
0.658824
0.658824
0.658824
0.658824
0.619608
0.619608
0.580392
0.580392
0.580392
0.580392
0.580392
0.541176
0.541176
0.541176
0.541176
0.541176
0.541176
0.541176
0.541176
0.541176
0.541176
0.541176
0.541176
0.541176
0.541176
0.541176
0.541176
0.541176
0.541176
0.541176
0.541176
0.568627
0.580392
0.580392
0.580392
0.580392
0.580392
0.580392
0.580392
0.619608
0.619608
0.619608
0.658824
0.658824
0.658824
0.694118
0.384314
0.356863
0.701961
0.698039
0.698039
0.698039
0.698039
0.698039
0.698039
0.698039
0.674510
0.674510
0.698039
0.698039
0.698039
0.698039
0.698039
0.678431
0.670588
0.658824
0.658824
0.658824
0.619608
0.619608
0.596078
0.580392
0.580392
0.580392
0.580392
0.541176
0.541176
0.541176
0.541176
0.541176
0.541176
0.541176
0.541176
0.541176
0.541176
0.541176
0.541176
0.541176
0.541176
0.541176
0.541176
0.541176
0.541176
0.564706
0.541176
0.560784
0.564706
0.564706
0.580392
0.580392
0.580392
0.580392
0.596078
0.619608
0.619608
0.658824
0.658824
0.658824
0.674510
0.674510
0.650980
0.454902
0.498039
0.713726
0.698039
0.698039
0.698039
0.713726
0.698039
0.698039
0.698039
0.698039
0.698039
0.698039
0.698039
0.698039
0.698039
0.698039
0.698039
0.698039
0.698039
0.658824
0.658824
0.619608
0.619608
0.580392
0.580392
0.580392
0.541176
0.541176
0.541176
0.541176
0.541176
0.541176
0.541176
0.541176
0.541176
0.541176
0.541176
0.541176
0.541176
0.541176
0.541176
0.541176
0.541176
0.541176
0.541176
0.541176
0.541176
0.541176
0.541176
0.541176
0.580392
0.580392
0.580392
0.580392
0.619608
0.619608
0.619608
0.658824
0.658824
0.658824
0.658824
0.698039
0.623529
0.501961
0.509804
0.737255
0.737255
0.737255
0.737255
0.737255
0.737255
0.698039
0.698039
0.737255
0.737255
0.737255
0.737255
0.698039
0.737255
0.705882
0.698039
0.698039
0.658824
0.658824
0.658824
0.619608
0.619608
0.580392
0.580392
0.580392
0.580392
0.541176
0.541176
0.541176
0.541176
0.541176
0.541176
0.541176
0.541176
0.541176
0.541176
0.541176
0.541176
0.541176
0.541176
0.541176
0.541176
0.541176
0.541176
0.541176
0.541176
0.541176
0.541176
0.541176
0.580392
0.580392
0.580392
0.580392
0.580392
0.619608
0.619608
0.658824
0.658824
0.658824
0.658824
0.698039
0.698039
0.580392
0.607843
0.717647
0.737255
0.737255
0.737255
0.737255
0.737255
0.737255
0.737255
0.737255
0.737255
0.737255
0.737255
0.737255
0.701961
0.698039
0.698039
0.698039
0.698039
0.658824
0.658824
0.619608
0.619608
0.619608
0.580392
0.580392
0.580392
0.541176
0.541176
0.541176
0.541176
0.541176
0.541176
0.541176
0.541176
0.541176
0.541176
0.541176
0.541176
0.541176
0.541176
0.541176
0.541176
0.541176
0.541176
0.541176
0.541176
0.541176
0.549020
0.576471
0.580392
0.580392
0.580392
0.580392
0.619608
0.619608
0.619608
0.658824
0.658824
0.658824
0.658824
0.694118
0.698039
0.752941
0.537255
0.588235
0.721569
0.737255
0.737255
0.737255
0.737255
0.737255
0.737255
0.737255
0.737255
0.737255
0.737255
0.737255
0.698039
0.698039
0.698039
0.698039
0.658824
0.658824
0.658824
0.619608
0.619608
0.619608
0.580392
0.580392
0.580392
0.541176
0.541176
0.541176
0.541176
0.541176
0.541176
0.541176
0.541176
0.541176
0.541176
0.541176
0.541176
0.541176
0.541176
0.541176
0.541176
0.541176
0.541176
0.541176
0.541176
0.568627
0.568627
0.541176
0.580392
0.580392
0.580392
0.580392
0.619608
0.619608
0.619608
0.658824
0.658824
0.658824
0.658824
0.658824
0.698039
0.701961
0.568627
0.694118
0.709804
0.737255
0.737255
0.737255
0.737255
0.737255
0.737255
0.737255
0.737255
0.737255
0.737255
0.737255
0.698039
0.698039
0.698039
0.698039
0.658824
0.658824
0.619608
0.619608
0.619608
0.619608
0.580392
0.580392
0.541176
0.541176
0.541176
0.541176
0.541176
0.541176
0.541176
0.541176
0.541176
0.541176
0.501961
0.501961
0.501961
0.541176
0.541176
0.541176
0.541176
0.541176
0.541176
0.541176
0.541176
0.541176
0.541176
0.541176
0.580392
0.580392
0.580392
0.580392
0.580392
0.619608
0.619608
0.658824
0.658824
0.658824
0.623529
0.698039
0.698039
0.698039
0.686275
0.647059
0.580392
0.690196
0.737255
0.737255
0.737255
0.737255
0.701961
0.737255
0.737255
0.737255
0.737255
0.737255
0.698039
0.698039
0.698039
0.698039
0.658824
0.658824
0.619608
0.619608
0.619608
0.619608
0.580392
0.580392
0.541176
0.541176
0.541176
0.541176
0.541176
0.541176
0.529412
0.501961
0.501961
0.501961
0.501961
0.501961
0.541176
0.541176
0.541176
0.541176
0.541176
0.541176
0.541176
0.541176
0.541176
0.541176
0.541176
0.541176
0.580392
0.580392
0.580392
0.580392
0.580392
0.619608
0.619608
0.658824
0.658824
0.658824
0.658824
0.698039
0.698039
0.698039
0.705882
0.572549
0.580392
0.749020
0.737255
0.737255
0.737255
0.737255
0.698039
0.698039
0.698039
0.674510
0.698039
0.737255
0.698039
0.698039
0.698039
0.698039
0.658824
0.658824
0.619608
0.619608
0.580392
0.580392
0.580392
0.541176
0.541176
0.541176
0.541176
0.541176
0.541176
0.541176
0.541176
0.541176
0.501961
0.501961
0.501961
0.501961
0.501961
0.501961
0.501961
0.501961
0.501961
0.541176
0.541176
0.541176
0.541176
0.541176
0.541176
0.541176
0.580392
0.580392
0.580392
0.580392
0.580392
0.619608
0.619608
0.619608
0.658824
0.658824
0.658824
0.698039
0.698039
0.698039
0.698039
0.560784
0.611765
0.643137
0.737255
0.737255
0.737255
0.737255
0.698039
0.698039
0.698039
0.698039
0.698039
0.698039
0.698039
0.698039
0.686275
0.658824
0.658824
0.619608
0.619608
0.619608
0.580392
0.580392
0.580392
0.541176
0.541176
0.541176
0.541176
0.541176
0.541176
0.509804
0.501961
0.501961
0.501961
0.501961
0.501961
0.501961
0.501961
0.501961
0.501961
0.501961
0.501961
0.541176
0.541176
0.541176
0.541176
0.541176
0.541176
0.541176
0.541176
0.580392
0.580392
0.580392
0.580392
0.580392
0.619608
0.619608
0.658824
0.658824
0.658824
0.658824
0.698039
0.698039
0.698039
0.698039
0.600000
0.615686
0.729412
0.737255
0.737255
0.737255
0.698039
0.698039
0.658824
0.658824
0.698039
0.698039
0.698039
0.666667
0.658824
0.658824
0.658824
0.619608
0.619608
0.619608
0.580392
0.580392
0.580392
0.541176
0.541176
0.541176
0.541176
0.541176
0.501961
0.501961
0.501961
0.501961
0.501961
0.501961
0.501961
0.501961
0.501961
0.501961
0.501961
0.501961
0.501961
0.501961
0.541176
0.541176
0.541176
0.541176
0.541176
0.541176
0.541176
0.541176
0.580392
0.580392
0.580392
0.580392
0.619608
0.619608
0.658824
0.658824
0.658824
0.658824
0.658824
0.686275
0.698039
0.698039
0.517647
0.580392
0.643137
0.698039
0.698039
0.698039
0.658824
0.658824
0.658824
0.658824
0.658824
0.658824
0.658824
0.658824
0.658824
0.658824
0.658824
0.619608
0.619608
0.580392
0.580392
0.580392
0.541176
0.541176
0.541176
0.541176
0.541176
0.501961
0.501961
0.501961
0.501961
0.501961
0.501961
0.501961
0.501961
0.501961
0.501961
0.501961
0.501961
0.501961
0.501961
0.501961
0.541176
0.541176
0.541176
0.541176
0.541176
0.541176
0.541176
0.541176
0.541176
0.541176
0.580392
0.580392
0.580392
0.619608
0.619608
0.619608
0.658824
0.658824
0.658824
0.658824
0.658824
0.658824
0.615686
0.537255
0.537255
0.698039
0.698039
0.698039
0.658824
0.658824
0.658824
0.658824
0.658824
0.658824
0.658824
0.658824
0.647059
0.619608
0.619608
0.619608
0.580392
0.580392
0.580392
0.541176
0.541176
0.541176
0.541176
0.541176
0.501961
0.501961
0.501961
0.501961
0.501961
0.501961
0.501961
0.501961
0.501961
0.501961
0.501961
0.501961
0.501961
0.501961
0.501961
0.501961
0.501961
0.501961
0.501961
0.501961
0.509804
0.541176
0.541176
0.541176
0.541176
0.541176
0.580392
0.580392
0.580392
0.580392
0.580392
0.619608
0.619608
0.619608
0.658824
0.658824
0.658824
0.658824
0.658824
0.392157
0.423529
0.729412
0.658824
0.658824
0.658824
0.658824
0.658824
0.658824
0.658824
0.658824
0.619608
0.619608
0.619608
0.619608
0.619608
0.580392
0.580392
0.580392
0.580392
0.541176
0.541176
0.541176
0.541176
0.541176
0.501961
0.501961
0.501961
0.501961
0.501961
0.501961
0.501961
0.501961
0.501961
0.501961
0.501961
0.501961
0.501961
0.501961
0.501961
0.501961
0.501961
0.501961
0.501961
0.501961
0.509804
0.541176
0.541176
0.541176
0.541176
0.541176
0.541176
0.541176
0.580392
0.580392
0.580392
0.580392
0.619608
0.619608
0.619608
0.647059
0.658824
0.658824
0.658824
0.450980
0.423529
0.482353
0.658824
0.698039
0.619608
0.619608
0.619608
0.619608
0.619608
0.619608
0.619608
0.619608
0.607843
0.580392
0.580392
0.580392
0.580392
0.580392
0.580392
0.541176
0.541176
0.541176
0.541176
0.501961
0.501961
0.501961
0.501961
0.501961
0.501961
0.501961
0.501961
0.501961
0.501961
0.501961
0.501961
0.501961
0.501961
0.501961
0.501961
0.501961
0.501961
0.501961
0.501961
0.501961
0.501961
0.501961
0.501961
0.501961
0.541176
0.541176
0.541176
0.541176
0.541176
0.580392
0.580392
0.580392
0.580392
0.619608
0.619608
0.619608
0.619608
0.619608
0.658824
0.619608
0.400000
0.345098
0.619608
0.619608
0.580392
0.580392
0.580392
0.580392
0.580392
0.580392
0.580392
0.580392
0.580392
0.580392
0.541176
0.541176
0.541176
0.541176
0.541176
0.541176
0.501961
0.501961
0.501961
0.501961
0.501961
0.501961
0.462745
0.462745
0.462745
0.462745
0.462745
0.462745
0.462745
0.462745
0.462745
0.501961
0.501961
0.501961
0.501961
0.501961
0.501961
0.501961
0.501961
0.501961
0.501961
0.501961
0.501961
0.501961
0.501961
0.541176
0.541176
0.541176
0.541176
0.541176
0.580392
0.580392
0.580392
0.580392
0.580392
0.607843
0.619608
0.619608
0.619608
0.619608
0.258824
0.305882
0.462745
0.619608
