0.619608
0.619608
0.580392
0.580392
0.580392
0.580392
0.580392
0.580392
0.580392
0.580392
0.490196
0.458824
0.580392
0.580392
0.580392
0.580392
0.580392
0.580392
0.580392
0.580392
0.580392
0.580392
0.580392
0.580392
0.580392
0.580392
0.580392
0.580392
0.580392
0.580392
0.580392
0.580392
0.580392
0.580392
0.580392
0.580392
0.580392
0.580392
0.580392
0.580392
0.580392
0.580392
0.580392
0.580392
0.580392
0.580392
0.580392
0.580392
0.572549
0.462745
0.505882
0.580392
0.619608
0.619608
0.619608
0.619608
0.619608
0.619608
0.619608
0.619608
0.619608
0.619608
0.619608
0.580392
0.619608
0.619608
0.619608
0.619608
0.580392
0.580392
0.580392
0.580392
0.580392
0.580392
0.580392
0.470588
0.505882
0.619608
0.619608
0.619608
0.619608
0.619608
0.619608
0.580392
0.619608
0.619608
0.619608
0.619608
0.607843
0.580392
0.580392
0.619608
0.619608
0.619608
0.619608
0.619608
0.619608
0.619608
0.619608
0.619608
0.580392
0.580392
0.580392
0.580392
0.580392
0.580392
0.580392
0.580392
0.580392
0.580392
0.580392
0.580392
0.580392
0.580392
0.580392
0.560784
0.470588
0.619608
0.619608
0.619608
0.619608
0.619608
0.619608
0.619608
0.619608
0.619608
0.619608
0.580392
0.619608
0.619608
0.619608
0.619608
0.619608
0.619608
0.619608
0.619608
0.619608
0.619608
0.619608
0.619608
0.431373
0.525490
0.619608
0.619608
0.619608
0.619608
0.619608
0.619608
0.619608
0.619608
0.619608
0.619608
0.619608
0.619608
0.619608
0.619608
0.619608
0.619608
0.619608
0.619608
0.619608
0.619608
0.619608
0.619608
0.619608
0.619608
0.619608
0.619608
0.619608
0.619608
0.619608
0.619608
0.619608
0.619608
0.619608
0.619608
0.619608
0.619608
0.619608
0.619608
0.619608
0.623529
0.509804
0.670588
0.635294
0.619608
0.619608
0.619608
0.619608
0.619608
0.619608
0.580392
0.658824
0.658824
0.619608
0.619608
0.619608
0.619608
0.619608
0.619608
0.619608
0.619608
0.619608
0.619608
0.619608
0.447059
0.580392
0.619608
0.619608
0.619608
0.619608
0.619608
0.619608
0.619608
0.619608
0.619608
0.619608
0.619608
0.619608
0.619608
0.619608
0.619608
0.619608
0.619608
0.619608
0.619608
0.619608
0.619608
0.619608
0.619608
0.619608
0.619608
0.619608
0.619608
0.619608
0.619608
0.619608
0.619608
0.619608
0.619608
0.619608
0.619608
0.619608
0.619608
0.619608
0.619608
0.603922
0.600000
0.494118
0.627451
0.619608
0.619608
0.619608
0.619608
0.619608
0.580392
0.658824
0.658824
0.658824
0.658824
0.619608
0.619608
0.619608
0.619608
0.619608
0.619608
0.619608
0.619608
0.619608
0.619608
0.462745
0.568627
0.619608
0.658824
0.658824
0.658824
0.658824
0.658824
0.658824
0.627451
0.619608
0.619608
0.619608
0.619608
0.619608
0.619608
0.619608
0.619608
0.619608
0.619608
0.658824
0.658824
0.619608
0.619608
0.619608
0.619608
0.619608
0.619608
0.619608
0.619608
0.619608
0.619608
0.619608
0.619608
0.619608
0.619608
0.619608
0.619608
0.619608
0.619608
0.619608
0.619608
0.619608
0.619608
0.486275
0.474510
0.647059
0.619608
0.619608
0.619608
0.658824
0.658824
0.658824
0.658824
0.658824
0.658824
0.658824
0.658824
0.658824
0.658824
0.658824
0.658824
0.658824
0.658824
0.658824
0.450980
0.666667
0.658824
0.658824
0.658824
0.658824
0.658824
0.658824
0.658824
0.658824
0.658824
0.658824
0.658824
0.658824
0.658824
0.658824
0.658824
0.658824
0.658824
0.658824
0.658824
0.658824
0.658824
0.658824
0.658824
0.658824
0.658824
0.658824
0.658824
0.658824
0.619608
0.619608
0.658824
0.658824
0.658824
0.658824
0.658824
0.658824
0.658824
0.658824
0.627451
0.619608
0.619608
0.619608
0.619608
0.619608
0.403922
0.600000
0.615686
0.658824
0.658824
0.658824
0.658824
0.658824
0.658824
0.658824
0.658824
0.658824
0.658824
0.658824
0.658824
0.658824
0.658824
0.658824
0.658824
0.517647
0.501961
0.658824
0.658824
0.658824
0.658824
0.658824
0.658824
0.658824
0.658824
0.658824
0.658824
0.658824
0.658824
0.658824
0.658824
0.658824
0.658824
0.658824
0.658824
0.658824
0.658824
0.658824
0.658824
0.658824
0.658824
0.658824
0.658824
0.658824
0.658824
0.658824
0.658824
0.658824
0.658824
0.658824
0.658824
0.658824
0.658824
0.658824
0.627451
0.619608
0.619608
0.619608
0.619608
0.619608
0.619608
0.611765
0.458824
0.698039
0.698039
0.698039
0.698039
0.698039
0.698039
0.698039
0.698039
0.686275
0.658824
0.658824
0.658824
0.658824
0.658824
0.658824
0.658824
0.658824
0.584314
0.427451
0.658824
0.658824
0.658824
0.658824
0.658824
0.658824
0.658824
0.658824
0.658824
0.658824
0.658824
0.658824
0.658824
0.658824
0.658824
0.658824
0.658824
0.658824
0.658824
0.658824
0.658824
0.658824
0.658824
0.658824
0.658824
0.658824
0.658824
0.658824
0.658824
0.658824
0.658824
0.658824
0.658824
0.658824
0.658824
0.658824
0.658824
0.658824
0.658824
0.658824
0.619608
0.619608
0.619608
0.619608
0.619608
0.698039
0.698039
0.698039
0.698039
0.698039
0.698039
0.698039
0.698039
0.698039
0.698039
0.698039
0.698039
0.698039
0.698039
0.698039
0.698039
0.698039
0.658824
0.658824
0.376471
0.658824
0.698039
0.698039
0.698039
0.698039
0.698039
0.698039
0.658824
0.658824
0.658824
0.658824
0.658824
0.658824
0.658824
0.658824
0.658824
0.658824
0.658824
0.658824
0.658824
0.658824
0.658824
0.658824
0.658824
0.658824
0.658824
0.658824
0.658824
0.658824
0.658824
0.658824
0.658824
0.658824
0.658824
0.658824
0.658824
0.658824
0.658824
0.658824
0.658824
0.619608
0.619608
0.619608
0.619608
0.698039
0.698039
0.698039
0.698039
0.698039
0.698039
0.698039
0.698039
0.698039
0.698039
0.698039
0.698039
0.698039
0.698039
0.698039
0.698039
0.698039
0.698039
0.658824
0.674510
0.407843
0.698039
0.698039
0.698039
0.698039
0.698039
0.698039
0.698039
0.698039
0.698039
0.658824
0.658824
0.658824
0.658824
0.658824
0.658824
0.658824
0.658824
0.658824
0.658824
0.658824
0.658824
0.658824
0.658824
0.658824
0.658824
0.658824
0.658824
0.658824
0.658824
0.658824
0.658824
0.658824
0.658824
0.658824
0.658824
0.658824
0.658824
0.658824
0.619608
0.619608
0.619608
0.619608
0.619608
0.698039
0.698039
0.698039
0.698039
0.698039
0.698039
0.698039
0.698039
0.698039
0.698039
0.698039
0.698039
0.698039
0.698039
0.698039
0.698039
0.698039
0.698039
0.698039
0.698039
0.654902
0.380392
0.698039
0.698039
0.698039
0.698039
0.698039
0.698039
0.698039
0.698039
0.698039
0.698039
0.698039
0.698039
0.658824
0.658824
0.658824
0.658824
0.658824
0.658824
0.666667
0.698039
0.658824
0.658824
0.658824
0.658824
0.658824
0.658824
0.658824
0.658824
0.658824
0.658824
0.658824
0.658824
0.658824
0.658824
0.658824
0.658824
0.658824
0.619608
0.619608
0.619608
0.619608
0.619608
0.713726
0.698039
0.698039
0.698039
0.698039
0.698039
0.698039
0.698039
0.698039
0.698039
0.698039
0.698039
0.698039
0.698039
0.698039
0.698039
0.698039
0.698039
0.698039
0.698039
0.694118
0.705882
0.345098
0.733333
0.705882
0.698039
0.698039
0.698039
0.698039
0.698039
0.698039
0.698039
0.698039
0.698039
0.658824
0.658824
0.658824
0.658824
0.662745
0.662745
0.670588
0.698039
0.658824
0.658824
0.658824
0.658824
0.658824
0.658824
0.658824
0.658824
0.658824
0.658824
0.658824
0.658824
0.658824
0.658824
0.647059
0.619608
0.619608
0.619608
0.619608
0.619608
0.619608
0.619608
0.572549
0.698039
0.698039
0.698039
0.698039
0.698039
0.698039
0.698039
0.698039
0.698039
0.698039
0.698039
0.698039
0.698039
0.698039
0.698039
0.698039
0.698039
0.698039
0.698039
0.698039
0.698039
0.701961
0.372549
0.654902
0.698039
0.698039
0.698039
0.698039
0.698039
0.698039
0.760784
0.698039
0.698039
0.698039
0.698039
0.658824
0.658824
0.658824
0.658824
0.658824
0.658824
0.658824
0.658824
0.658824
0.658824
0.658824
0.658824
0.658824
0.643137
0.658824
0.658824
0.658824
0.658824
0.658824
0.658824
0.647059
0.619608
0.619608
0.619608
0.619608
0.619608
0.619608
0.619608
0.415686
0.698039
0.698039
0.698039
0.698039
0.698039
0.698039
0.698039
0.698039
0.698039
0.698039
0.698039
0.698039
0.698039
0.698039
0.698039
0.698039
0.698039
0.698039
0.698039
0.698039
0.698039
0.698039
0.690196
0.400000
0.600000
0.709804
0.698039
0.698039
0.698039
0.698039
0.698039
0.698039
0.698039
0.698039
0.698039
0.698039
0.698039
0.658824
0.658824
0.658824
0.658824
0.658824
0.658824
0.658824
0.658824
0.658824
0.658824
0.658824
0.658824
0.658824
0.658824
0.658824
0.658824
0.658824
0.658824
0.647059
0.619608
0.619608
0.619608
0.619608
0.619608
0.619608
0.619608
0.325490
0.709804
0.698039
0.698039
0.698039
0.698039
0.698039
0.698039
0.698039
0.698039
0.698039
0.698039
0.698039
0.698039
0.698039
0.698039
0.698039
0.698039
0.698039
0.698039
0.698039
0.698039
0.698039
0.698039
0.690196
0.494118
0.549020
0.701961
0.698039
0.698039
0.698039
0.698039
0.698039
0.698039
0.698039
0.698039
0.698039
0.698039
0.658824
0.658824
0.658824
0.658824
0.658824
0.658824
0.658824
0.658824
0.658824
0.658824
0.658824
0.658824
0.658824
0.658824
0.658824
0.658824
0.658824
0.658824
0.654902
0.643137
0.619608
0.619608
0.619608
0.619608
0.619608
0.619608
0.329412
0.694118
0.698039
0.698039
0.698039
0.698039
0.698039
0.698039
0.698039
0.698039
0.698039
0.698039
0.698039
0.698039
0.698039
0.698039
0.698039
0.698039
0.698039
0.698039
0.698039
0.698039
0.698039
0.698039
0.698039
0.698039
0.600000
0.313726
0.686275
0.698039
0.698039
0.698039
0.658824
0.658824
0.658824
0.658824
0.658824
0.658824
0.658824
0.658824
0.658824
0.658824
0.658824
0.658824
0.658824
0.658824
0.658824
0.658824
0.658824
0.658824
0.658824
0.658824
0.658824
0.658824
0.658824
0.658824
0.658824
0.658824
0.619608
0.619608
0.619608
0.619608
0.619608
0.619608
0.458824
0.513726
0.698039
0.698039
0.698039
0.698039
0.698039
0.698039
0.698039
0.698039
0.698039
0.698039
0.698039
0.698039
0.698039
0.698039
0.698039
0.698039
0.698039
0.698039
0.698039
0.698039
0.698039
0.698039
0.698039
0.698039
0.698039
0.600000
0.360784
0.678431
0.698039
0.698039
0.698039
0.658824
0.658824
0.658824
0.658824
0.658824
0.658824
0.658824
0.658824
0.658824
0.658824
0.658824
0.658824
0.658824
0.658824
0.658824
0.658824
0.658824
0.658824
0.658824
0.658824
0.658824
0.619608
0.619608
0.619608
0.619608
0.658824
0.619608
0.619608
0.619608
0.619608
0.619608
0.615686
0.352941
0.698039
0.698039
0.698039
0.698039
0.698039
0.698039
0.698039
0.698039
0.698039
0.698039
0.698039
0.698039
0.698039
0.698039
0.682353
0.682353
0.698039
0.698039
0.698039
0.698039
0.698039
0.698039
0.694118
0.682353
0.682353
0.698039
0.619608
0.329412
0.698039
0.698039
0.698039
0.698039
0.658824
0.658824
0.658824
0.658824
0.658824
0.658824
0.658824
0.658824
0.658824
0.658824
0.658824
0.658824
0.658824
0.658824
0.658824
0.658824
0.658824
0.658824
0.658824
0.619608
0.619608
0.619608
0.619608
0.619608
0.619608
0.643137
0.619608
0.619608
0.619608
0.619608
0.698039
0.313726
0.705882
0.698039
0.698039
0.698039
0.698039
0.698039
0.698039
0.698039
0.698039
0.698039
0.698039
0.698039
0.698039
0.698039
0.658824
0.658824
0.658824
0.658824
0.658824
0.698039
0.698039
0.698039
0.698039
0.698039
0.658824
0.658824
0.658824
0.631373
0.286275
0.709804
0.658824
0.658824
0.658824
0.658824
0.658824
0.658824
0.658824
0.658824
0.658824
0.658824
0.658824
0.658824
0.658824
0.658824
0.658824
0.658824
0.658824
0.658824
0.658824
0.603922
0.603922
0.619608
0.619608
0.619608
0.619608
0.619608
0.639216
0.619608
0.619608
0.619608
0.619608
0.619608
0.698039
0.388235
0.533333
0.698039
0.698039
0.698039
0.698039
0.698039
0.698039
0.698039
0.698039
0.698039
0.698039
0.658824
0.658824
0.658824
0.658824
0.658824
0.658824
0.658824
0.658824
0.658824
0.658824
0.658824
0.658824
0.658824
0.658824
0.658824
0.658824
0.658824
0.615686
0.368627
0.627451
0.658824
0.658824
0.658824
0.658824
0.682353
0.682353
0.666667
0.654902
0.643137
0.635294
0.635294
0.635294
0.658824
0.658824
0.658824
0.658824
0.658824
0.658824
0.658824
0.658824
0.658824
0.619608
0.619608
0.627451
0.658824
0.658824
0.619608
0.619608
0.619608
0.619608
0.619608
0.698039
0.501961
0.352941
0.698039
0.698039
0.698039
0.698039
0.694118
0.686275
0.658824
0.658824
0.658824
0.658824
0.658824
0.658824
0.658824
0.658824
0.658824
0.658824
0.658824
0.658824
0.658824
0.658824
0.658824
0.658824
0.658824
0.658824
0.654902
0.658824
0.658824
0.658824
0.611765
0.309804
0.639216
0.658824
0.694118
0.658824
0.658824
0.658824
0.658824
0.658824
0.658824
0.658824
0.658824
0.658824
0.658824
0.658824
0.658824
0.658824
0.654902
0.654902
0.654902
0.658824
0.658824
0.654902
0.654902
0.647059
0.619608
0.619608
0.619608
0.619608
0.619608
0.619608
0.619608
0.698039
0.650980
0.309804
0.698039
0.698039
0.698039
0.698039
0.666667
0.658824
0.658824
0.658824
0.658824
0.658824
0.647059
0.647059
0.647059
0.623529
0.658824
0.658824
0.674510
0.674510
0.658824
0.658824
0.686275
0.698039
0.698039
0.698039
0.698039
0.698039
0.698039
0.698039
0.658824
0.635294
0.329412
0.647059
0.658824
0.658824
0.658824
0.658824
0.658824
0.658824
0.658824
0.658824
0.658824
0.658824
0.658824
0.658824
0.658824
0.658824
0.619608
0.619608
0.619608
0.619608
0.619608
0.619608
0.619608
0.619608
0.619608
0.619608
0.619608
0.619608
0.619608
0.619608
0.619608
0.654902
0.650980
0.345098
0.588235
0.635294
0.658824
0.698039
0.698039
0.686275
0.658824
0.658824
0.658824
0.698039
0.658824
0.658824
0.658824
0.698039
0.698039
0.698039
0.698039
0.698039
0.658824
0.658824
0.686275
0.686275
0.658824
0.698039
0.698039
0.698039
0.698039
0.698039
0.658824
0.658824
0.623529
0.356863
0.654902
0.658824
0.658824
0.658824
0.658824
0.658824
0.658824
0.658824
0.658824
0.658824
0.658824
0.658824
0.658824
0.658824
0.619608
0.619608
0.619608
0.619608
0.619608
0.619608
0.619608
0.619608
0.619608
0.619608
0.619608
0.619608
0.619608
0.619608
0.619608
0.698039
0.670588
0.403922
0.474510
0.658824
0.698039
0.698039
0.698039
0.698039
0.698039
0.698039
0.658824
0.698039
0.698039
0.658824
0.658824
0.658824
0.658824
0.698039
0.658824
0.698039
0.698039
0.698039
0.698039
0.698039
0.698039
0.698039
0.698039
0.698039
0.698039
0.698039
0.658824
0.658824
0.658824
0.615686
0.325490
0.658824
0.658824
0.658824
0.658824
0.658824
0.658824
0.658824
0.658824
0.658824
0.658824
0.658824
0.658824
0.619608
0.619608
0.619608
0.619608
0.619608
0.619608
0.619608
0.619608
0.619608
0.619608
0.619608
0.619608
0.619608
0.619608
0.619608
0.619608
0.698039
0.698039
0.580392
0.313726
0.658824
0.698039
0.698039
0.698039
0.698039
0.698039
0.698039
0.698039
0.698039
0.698039
0.698039
0.658824
0.698039
0.698039
0.698039
0.698039
0.698039
0.698039
0.698039
0.698039
0.698039
0.698039
0.698039
0.698039
0.698039
0.698039
0.698039
0.698039
0.698039
0.698039
0.658824
0.580392
0.337255
0.658824
0.658824
0.658824
0.658824
0.658824
0.658824
0.658824
0.658824
0.658824
0.658824
0.658824
0.658824
0.619608
0.619608
0.619608
0.619608
0.619608
0.619608
0.619608
0.619608
0.619608
0.619608
0.619608
0.619608
0.619608
0.619608
0.619608
0.698039
0.698039
0.666667
0.313726
0.623529
0.658824
0.658824
0.658824
0.666667
0.698039
0.698039
0.698039
0.698039
0.698039
0.698039
0.698039
0.698039
0.698039
0.698039
0.698039
0.698039
0.698039
0.698039
0.698039
0.698039
0.698039
0.698039
0.698039
0.698039
0.698039
0.698039
0.698039
0.698039
0.698039
0.698039
0.658824
0.533333
0.372549
0.658824
0.658824
0.658824
0.658824
0.658824
0.658824
0.658824
0.658824
0.658824
0.658824
0.658824
0.619608
0.619608
0.619608
0.619608
0.619608
0.619608
0.619608
0.619608
0.619608
0.619608
0.619608
0.619608
0.619608
0.619608
0.619608
0.698039
0.698039
0.682353
0.313726
0.529412
0.658824
0.658824
0.658824
0.666667
0.698039
0.698039
0.698039
0.698039
0.698039
0.698039
0.698039
0.698039
0.698039
0.698039
0.698039
0.698039
0.698039
0.698039
0.698039
0.698039
0.698039
0.698039
0.698039
0.698039
0.698039
0.698039
0.698039
0.698039
0.698039
0.698039
0.698039
0.698039
0.411765
0.431373
0.662745
0.658824
0.658824
0.658824
0.658824
0.658824
0.658824
0.658824
0.658824
0.658824
0.619608
0.619608
0.619608
0.619608
0.619608
0.619608
0.619608
0.619608
0.619608
0.619608
0.619608
0.619608
0.619608
0.619608
0.619608
0.698039
0.698039
0.694118
0.317647
0.380392
0.658824
0.666667
0.658824
0.666667
0.698039
0.698039
0.698039
0.698039
0.698039
0.698039
0.698039
0.698039
0.698039
0.698039
0.698039
0.698039
0.698039
0.698039
0.698039
0.698039
0.698039
0.698039
0.698039
0.698039
0.698039
0.698039
0.698039
0.698039
0.698039
0.698039
0.698039
0.698039
0.701961
0.380392
0.466667
0.662745
0.658824
0.658824
0.658824
0.658824
0.658824
0.658824
0.658824
0.658824
0.619608
0.619608
0.619608
0.619608
0.619608
0.619608
0.619608
0.619608
0.619608
0.619608
0.619608
0.619608
0.619608
0.619608
0.619608
0.698039
0.658824
0.658824
0.529412
0.325490
0.658824
0.658824
0.658824
0.658824
0.658824
0.698039
0.698039
0.698039
0.698039
0.698039
0.698039
0.698039
0.698039
0.698039
0.698039
0.698039
0.698039
0.698039
0.698039
0.698039
0.698039
0.698039
0.698039
0.698039
0.698039
0.698039
0.698039
0.698039
0.698039
0.698039
0.698039
0.698039
0.698039
0.709804
0.349020
0.443137
0.650980
0.658824
0.658824
0.658824
0.658824
0.658824
0.658824
0.658824
0.658824
0.658824
0.658824
0.619608
0.619608
0.619608
0.619608
0.619608
0.619608
0.619608
0.619608
0.619608
0.619608
0.619608
0.619608
0.698039
0.698039
0.658824
0.643137
0.333333
0.658824
0.658824
0.658824
0.658824
0.658824
0.658824
0.698039
0.698039
0.698039
0.698039
0.698039
0.698039
0.698039
0.698039
0.698039
0.698039
0.698039
0.698039
0.698039
0.698039
0.698039
0.698039
0.698039
0.698039
0.698039
0.698039
0.698039
0.698039
0.698039
0.698039
0.698039
0.698039
0.698039
0.658824
0.670588
0.274510
0.470588
0.658824
0.658824
0.658824
0.658824
0.658824
0.658824
0.658824
0.658824
0.658824
0.658824
0.658824
0.619608
0.619608
0.619608
0.619608
0.619608
0.619608
0.619608
0.619608
0.619608
0.619608
0.619608
0.698039
0.698039
0.658824
0.678431
0.278431
0.513726
0.658824
0.658824
0.658824
0.658824
0.698039
0.698039
0.698039
0.698039
0.698039
0.698039
0.698039
0.698039
0.698039
0.698039
0.698039
0.698039
0.698039
0.698039
0.698039
0.698039
0.698039
0.698039
0.698039
0.698039
0.698039
0.698039
0.698039
0.698039
0.698039
0.698039
0.698039
0.698039
0.698039
0.698039
0.674510
0.305882
0.564706
0.658824
0.658824
0.658824
0.658824
0.658824
0.658824
0.658824
0.658824
0.658824
0.658824
0.658824
0.658824
0.658824
0.658824
0.658824
0.619608
0.619608
0.658824
0.658824
0.619608
0.619608
0.698039
0.698039
0.698039
0.690196
0.341176
0.294118
0.698039
0.698039
0.698039
0.698039
0.698039
0.698039
0.698039
0.698039
0.698039
0.698039
0.698039
0.698039
0.698039
0.698039
0.698039
0.698039
0.698039
0.698039
0.698039
0.698039
0.698039
0.698039
0.698039
0.698039
0.698039
0.698039
0.698039
0.698039
0.698039
0.698039
0.698039
0.698039
0.698039
0.698039
0.686275
0.658824
0.345098
0.619608
0.658824
0.658824
0.658824
0.658824
0.658824
0.658824
0.658824
0.658824
0.658824
0.658824
0.658824
0.658824
0.658824
0.658824
0.658824
0.658824
0.658824
0.658824
0.658824
0.658824
0.698039
0.698039
0.698039
0.690196
0.466667
0.309804
0.658824
0.658824
0.666667
0.698039
0.698039
0.698039
0.698039
0.698039
0.698039
0.698039
0.698039
0.698039
0.698039
0.698039
0.698039
0.698039
0.698039
0.698039
0.698039
0.698039
0.698039
0.698039
0.698039
0.698039
0.698039
0.698039
0.698039
0.698039
0.698039
0.698039
0.698039
0.698039
0.698039
0.698039
0.698039
0.698039
0.541176
0.341176
0.698039
0.698039
0.658824
0.658824
0.658824
0.658824
0.658824
0.658824
0.658824
0.658824
0.658824
0.658824
0.658824
0.658824
0.658824
0.658824
0.658824
0.658824
0.658824
0.658824
0.698039
0.698039
0.698039
0.698039
0.670588
0.290196
0.698039
0.698039
0.698039
0.698039
0.698039
0.698039
0.698039
0.698039
0.698039
0.698039
0.698039
0.698039
0.698039
0.698039
0.698039
0.698039
0.698039
0.698039
0.698039
0.698039
0.698039
0.698039
0.698039
0.698039
0.698039
0.698039
0.698039
0.698039
0.698039
0.698039
0.698039
0.698039
0.698039
0.698039
0.698039
0.698039
0.698039
0.450980
0.333333
0.690196
0.698039
0.658824
0.658824
0.658824
0.658824
0.658824
0.658824
0.658824
0.658824
0.658824
0.658824
0.658824
0.658824
0.658824
0.658824
0.658824
0.658824
0.658824
0.698039
0.698039
0.698039
0.698039
0.635294
0.305882
0.396078
0.694118
0.698039
0.698039
0.698039
0.698039
0.698039
0.698039
0.698039
0.698039
0.698039
0.698039
0.698039
0.698039
0.698039
0.698039
0.698039
0.698039
0.698039
0.698039
0.698039
0.698039
0.737255
0.737255
0.737255
0.737255
0.737255
0.737255
0.698039
0.698039
0.698039
0.698039
0.698039
0.698039
0.698039
0.698039
0.698039
0.698039
0.301961
0.423529
0.717647
0.698039
0.658824
0.658824
0.658824
0.658824
0.658824
0.658824
0.658824
0.658824
0.658824
0.658824
0.658824
0.658824
0.658824
0.658824
0.658824
0.658824
0.698039
0.698039
0.698039
0.698039
0.662745
0.305882
0.313726
0.690196
0.698039
0.698039
0.698039
0.698039
0.698039
0.698039
0.698039
0.698039
0.698039
0.698039
0.698039
0.698039
0.698039
0.698039
0.698039
0.698039
0.698039
0.698039
0.698039
0.737255
0.737255
0.737255
0.737255
0.737255
0.737255
0.737255
0.737255
0.737255
0.737255
0.737255
0.698039
0.698039
0.698039
0.698039
0.698039
0.698039
0.678431
0.294118
0.525490
0.658824
0.658824
0.698039
0.658824
0.658824
0.658824
0.658824
0.658824
0.658824
0.658824
0.658824
0.658824
0.658824
0.658824
0.658824
0.658824
0.658824
0.698039
0.698039
0.698039
0.698039
0.686275
0.400000
0.305882
0.713726
0.698039
0.698039
0.698039
0.698039
0.698039
0.698039
0.698039
0.698039
0.698039
0.698039
0.698039
0.698039
0.698039
0.698039
0.698039
0.698039
0.698039
0.698039
0.698039
0.737255
0.737255
0.737255
0.737255
0.737255
0.737255
0.737255
0.737255
0.737255
0.698039
0.698039
0.698039
0.698039
0.698039
0.698039
0.698039
0.698039
0.698039
0.517647
0.305882
0.662745
0.658824
0.658824
0.658824
0.658824
0.658824
0.658824
0.658824
0.658824
0.658824
0.658824
0.658824
0.658824
0.658824
0.658824
0.658824
0.658824
0.698039
0.698039
0.698039
0.698039
0.698039
0.607843
0.243137
0.670588
0.698039
0.698039
0.698039
0.698039
0.698039
0.698039
0.698039
0.698039
0.698039
0.698039
0.698039
0.698039
0.698039
0.698039
0.698039
0.698039
0.698039
0.698039
0.698039
0.737255
0.737255
0.737255
0.737255
0.737255
0.737255
0.698039
0.737255
0.737255
0.698039
0.698039
0.698039
0.698039
0.698039
0.698039
0.698039
0.698039
0.698039
0.698039
0.384314
0.321569
0.701961
0.658824
0.658824
0.658824
0.658824
0.658824
0.658824
0.658824
0.658824
0.658824
0.658824
0.658824
0.658824
0.658824
0.658824
0.658824
0.698039
0.698039
0.698039
0.698039
0.658824
0.694118
0.337255
0.545098
0.670588
0.698039
0.698039
0.698039
0.698039
0.698039
0.698039
0.698039
0.698039
0.698039
0.698039
0.698039
0.698039
0.698039
0.698039
0.698039
0.698039
0.698039
0.698039
0.737255
0.698039
0.698039
0.737255
0.737255
0.737255
0.698039
0.698039
0.698039
0.698039
0.698039
0.698039
0.698039
0.698039
0.698039
0.698039
0.698039
0.698039
0.698039
0.666667
0.250980
0.372549
0.658824
0.658824
0.658824
0.658824
0.658824
0.658824
0.658824
0.658824
0.658824
0.658824
0.658824
0.658824
0.658824
0.658824
0.658824
0.698039
0.698039
0.698039
0.698039
0.698039
0.694118
0.305882
0.372549
0.709804
0.698039
0.698039
0.698039
0.698039
0.698039
0.698039
0.698039
0.698039
0.698039
0.698039
0.698039
0.698039
0.698039
0.698039
0.698039
0.698039
0.698039
0.698039
0.698039
0.698039
0.698039
0.698039
0.698039
0.698039
0.698039
0.698039
0.698039
0.698039
0.698039
0.698039
0.698039
0.698039
0.698039
0.698039
0.698039
0.658824
0.658824
0.658824
0.615686
0.266667
0.552941
0.658824
0.658824
0.658824
0.658824
0.658824
0.658824
0.658824
0.658824
0.658824
0.658824
0.658824
0.658824
0.658824
0.658824
0.698039
0.698039
0.698039
0.698039
0.698039
0.650980
0.305882
0.294118
0.670588
0.698039
0.698039
0.698039
0.698039
0.698039
0.698039
0.698039
0.698039
0.698039
0.698039
0.698039
0.698039
0.698039
0.698039
0.698039
0.698039
0.698039
0.698039
0.698039
0.698039
0.698039
0.698039
0.698039
0.698039
0.698039
0.698039
0.698039
0.698039
0.698039
0.698039
0.698039
0.698039
0.698039
0.658824
0.658824
0.658824
0.658824
0.658824
0.658824
0.415686
0.266667
0.627451
0.658824
0.658824
0.658824
0.658824
0.658824
0.658824
0.658824
0.658824
0.658824
0.658824
0.658824
0.658824
0.658824
0.698039
0.698039
0.698039
0.698039
0.698039
0.658824
0.305882
0.294118
0.658824
0.698039
0.698039
0.698039
0.698039
0.698039
0.698039
0.698039
0.698039
0.698039
0.698039
0.698039
0.698039
0.698039
0.698039
0.698039
0.698039
0.698039
0.698039
0.698039
0.698039
0.698039
0.698039
0.698039
0.698039
0.698039
0.698039
0.698039
0.698039
0.698039
0.698039
0.666667
0.658824
0.658824
0.658824
0.658824
0.658824
0.658824
0.658824
0.658824
0.678431
0.301961
0.254902
0.658824
0.658824
0.658824
0.658824
0.658824
0.658824
0.658824
0.658824
0.658824
0.658824
0.658824
0.658824
0.658824
0.698039
0.698039
0.698039
0.698039
0.698039
0.709804
0.305882
0.325490
0.701961
0.698039
0.698039
0.698039
0.698039
0.698039
0.698039
0.698039
0.698039
0.698039
0.698039
0.698039
0.698039
0.698039
0.698039
0.698039
0.698039
0.698039
0.698039
0.698039
0.698039
0.698039
0.698039
0.698039
0.698039
0.698039
0.698039
0.658824
0.658824
0.658824
0.658824
0.658824
0.658824
0.658824
0.658824
0.658824
0.658824
0.658824
0.658824
0.658824
0.658824
0.658824
0.266667
0.419608
0.658824
0.658824
0.658824
0.658824
0.658824
0.658824
0.658824
0.658824
0.658824
0.658824
0.658824
0.658824
0.698039
0.698039
0.698039
0.698039
0.698039
0.694118
0.513726
0.278431
0.556863
0.698039
0.698039
0.698039
0.698039
0.698039
0.698039
0.698039
0.698039
0.698039
0.698039
0.698039
0.698039
0.698039
0.698039
0.670588
0.662745
0.662745
0.698039
0.698039
0.698039
0.662745
0.658824
0.658824
0.658824
0.658824
0.698039
0.658824
0.658824
0.658824
0.658824
0.658824
0.658824
0.658824
0.658824
0.658824
0.658824
0.658824
0.658824
0.658824
0.658824
0.658824
0.545098
0.266667
0.552941
0.658824
0.658824
0.658824
0.658824
0.658824
0.658824
0.658824
0.658824
0.658824
0.658824
0.658824
0.698039
0.698039
0.698039
0.698039
0.698039
0.698039
0.639216
0.325490
0.388235
0.698039
0.698039
0.698039
0.698039
0.698039
0.698039
0.698039
0.698039
0.698039
0.698039
0.698039
0.658824
0.698039
0.698039
0.666667
0.658824
0.658824
0.658824
0.698039
0.658824
0.658824
0.658824
0.658824
0.658824
0.658824
0.658824
0.658824
0.658824
0.658824
0.658824
0.658824
0.658824
0.658824
0.658824
0.658824
0.658824
0.658824
0.658824
0.658824
0.658824
0.658824
0.662745
0.341176
0.231373
0.658824
0.658824
0.658824
0.658824
0.658824
0.658824
0.658824
0.658824
0.658824
0.658824
0.619608
0.698039
0.698039
0.698039
0.698039
0.698039
0.698039
0.701961
0.317647
0.317647
0.729412
0.698039
0.658824
0.658824
0.658824
0.698039
0.698039
0.658824
0.698039
0.698039
0.698039
0.698039
0.698039
0.698039
0.698039
0.686275
0.658824
0.658824
0.658824
0.658824
0.658824
0.658824
0.658824
0.658824
0.658824
0.658824
0.658824
0.658824
0.658824
0.658824
0.658824
0.658824
0.658824
0.658824
0.658824
0.658824
0.658824
0.658824
0.658824
0.619608
0.658824
0.619608
0.623529
0.266667
0.278431
0.619608
0.619608
0.619608
0.619608
0.619608
0.619608
0.619608
0.619608
0.619608
0.619608
0.698039
0.698039
0.698039
0.698039
0.698039
0.698039
0.662745
0.305882
0.301961
0.670588
0.698039
0.698039
0.698039
0.698039
0.698039
0.698039
0.698039
0.698039
0.698039
0.698039
0.674510
0.698039
0.698039
0.686275
0.678431
0.658824
0.658824
0.658824
0.658824
0.658824
0.658824
0.658824
0.658824
0.658824
0.658824
0.658824
0.658824
0.658824
0.658824
0.658824
0.650980
0.635294
0.635294
0.635294
0.619608
0.635294
0.619608
0.619608
0.619608
0.619608
0.619608
0.619608
0.584314
0.254902
0.435294
0.619608
0.619608
0.619608
0.619608
0.619608
0.619608
0.619608
0.619608
0.619608
0.698039
0.698039
0.698039
0.698039
0.698039
0.698039
0.670588
0.274510
0.270588
0.658824
0.698039
0.698039
0.698039
0.698039
0.698039
0.698039
0.698039
0.698039
0.698039
0.698039
0.698039
0.658824
0.658824
0.686275
0.698039
0.698039
0.658824
0.658824
0.658824
0.658824
0.658824
0.658824
0.658824
0.658824
0.658824
0.658824
0.658824
0.658824
0.658824
0.658824
0.658824
0.658824
0.658824
0.619608
0.619608
0.619608
0.619608
0.619608
0.619608
0.619608
0.619608
0.619608
0.635294
0.364706
0.301961
0.600000
0.619608
0.619608
0.619608
0.619608
0.619608
0.619608
0.619608
0.619608
0.698039
0.698039
0.698039
0.698039
0.698039
0.698039
0.678431
0.274510
0.278431
0.674510
0.698039
0.698039
0.698039
0.698039
0.658824
0.658824
0.658824
0.698039
0.658824
0.658824
0.658824
0.658824
0.658824
0.658824
0.658824
0.658824
0.658824
0.658824
0.658824
0.658824
0.658824
0.658824
0.658824
0.658824
0.658824
0.658824
0.658824
0.619608
0.619608
0.619608
0.619608
0.619608
0.658824
0.619608
0.619608
0.619608
0.619608
0.619608
0.619608
0.619608
0.619608
0.619608
0.619608
0.643137
0.266667
0.235294
0.603922
0.619608
0.619608
0.619608
0.619608
0.619608
0.619608
0.619608
0.721569
0.698039
0.698039
0.698039
0.698039
0.698039
0.709804
0.290196
0.290196
0.690196
0.682353
0.698039
0.682353
0.658824
0.658824
0.658824
0.658824
0.658824
0.658824
0.658824
0.658824
0.658824
0.658824
0.658824
0.658824
0.658824
0.658824
0.658824
0.658824
0.658824
0.658824
0.658824
0.658824
0.643137
0.658824
0.658824
0.658824
0.635294
0.619608
0.631373
0.631373
0.619608
0.619608
0.619608
0.619608
0.619608
0.619608
0.619608
0.619608
0.619608
0.619608
0.619608
0.619608
0.619608
0.580392
0.258824
0.396078
0.619608
0.619608
0.619608
0.619608
0.619608
0.619608
0.619608
0.698039
0.698039
0.698039
0.698039
0.698039
0.698039
0.705882
0.298039
0.270588
0.639216
0.658824
0.658824
0.658824
0.658824
0.658824
0.658824
0.658824
0.658824
0.658824
0.658824
0.658824
0.658824
0.658824
0.658824
0.658824
0.658824
0.658824
0.658824
0.658824
0.658824
0.658824
0.658824
0.658824
0.619608
0.658824
0.619608
0.619608
0.658824
0.619608
0.647059
0.658824
0.658824
0.658824
0.619608
0.619608
0.619608
0.619608
0.619608
0.619608
0.619608
0.619608
0.619608
0.619608
0.619608
0.592157
0.321569
0.266667
0.513726
0.619608
0.619608
0.619608
0.619608
0.619608
0.619608
0.698039
0.698039
0.698039
0.698039
0.658824
0.658824
0.698039
0.337255
0.250980
0.501961
0.658824
0.658824
0.658824
0.658824
0.658824
0.658824
0.658824
0.658824
0.658824
0.658824
0.658824
0.658824
0.658824
0.658824
0.658824
0.658824
0.658824
0.658824
0.658824
0.658824
0.658824
0.619608
0.658824
0.619608
0.619608
0.619608
0.619608
0.619608
0.619608
0.619608
0.619608
0.619608
0.619608
0.619608
0.619608
0.619608
0.619608
0.619608
0.619608
0.619608
0.619608
0.619608
0.619608
0.619608
0.619608
0.627451
0.258824
0.266667
0.611765
0.619608
0.619608
0.619608
0.619608
0.619608
0.698039
0.698039
0.698039
0.698039
0.666667
0.658824
0.666667
0.411765
0.250980
0.427451
0.654902
0.658824
0.658824
0.658824
0.658824
0.658824
0.658824
0.658824
0.658824
0.658824
0.658824
0.654902
0.658824
0.658824
0.658824
0.654902
0.654902
0.658824
0.658824
0.654902
0.619608
0.619608
0.623529
0.619608
0.619608
0.619608
0.619608
0.654902
0.623529
0.619608
0.619608
0.619608
0.619608
0.658824
0.623529
0.619608
0.619608
0.658824
0.623529
0.619608
0.658824
0.619608
0.619608
0.619608
0.619608
0.584314
0.576471
0.286275
0.372549
0.615686
0.619608
0.619608
0.619608
0.619608
0.698039
0.658824
0.698039
0.658824
0.658824
0.658824
0.658824
0.533333
0.254902
0.266667
0.639216
0.658824
0.658824
0.658824
0.658824
0.658824
0.619608
0.619608
0.619608
0.619608
0.619608
0.619608
0.619608
0.647059
0.647059
0.619608
0.619608
0.619608
0.619608
0.619608
0.619608
0.619608
0.658824
0.619608
0.658824
0.619608
0.619608
0.619608
0.658824
0.627451
0.619608
0.619608
0.658824
0.658824
0.658824
0.658824
0.658824
0.658824
0.658824
0.619608
0.619608
0.658824
0.619608
0.619608
0.619608
0.619608
0.631373
0.305882
0.266667
0.600000
0.619608
0.619608
0.619608
0.619608
0.698039
0.698039
0.658824
0.658824
0.658824
0.658824
0.658824
0.560784
0.223529
0.266667
0.615686
0.658824
0.658824
0.658824
0.658824
0.658824
0.658824
0.619608
0.619608
0.619608
0.619608
0.619608
0.619608
0.619608
0.619608
0.619608
0.619608
0.619608
0.619608
0.619608
0.619608
0.658824
0.619608
0.658824
0.658824
0.619608
0.658824
0.619608
0.619608
0.647059
0.658824
0.658824
0.658824
0.658824
0.658824
0.658824
0.658824
0.658824
0.658824
0.658824
0.658824
0.658824
0.619608
0.619608
0.619608
0.619608
0.619608
0.619608
0.294118
0.266667
0.627451
0.619608
0.619608
0.619608
0.698039
0.698039
0.658824
0.658824
0.658824
0.658824
0.658824
0.584314
0.247059
0.266667
0.647059
0.658824
0.658824
0.658824
0.658824
0.658824
0.658824
0.619608
0.619608
0.619608
0.619608
0.619608
0.658824
0.627451
0.619608
0.619608
0.619608
0.619608
0.619608
0.619608
0.619608
0.619608
0.619608
0.658824
0.658824
0.658824
0.658824
0.658824
0.658824
0.658824
0.658824
0.658824
0.658824
0.658824
0.658824
0.658824
0.658824
0.658824
0.658824
0.658824
0.658824
0.658824
0.658824
0.658824
0.658824
0.627451
0.619608
0.619608
0.356863
0.266667
0.490196
0.619608
0.619608
0.619608
0.698039
0.658824
0.658824
0.658824
0.658824
0.658824
0.658824
0.639216
0.250980
0.266667
0.619608
0.658824
0.658824
0.658824
0.658824
0.658824
0.658824
0.658824
0.619608
0.619608
0.619608
0.619608
0.619608
0.647059
0.647059
0.619608
0.619608
0.658824
0.658824
0.658824
0.658824
0.658824
0.658824
0.658824
0.658824
0.658824
0.658824
0.658824
0.658824
0.658824
0.658824
0.658824
0.658824
0.658824
0.658824
0.658824
0.658824
0.658824
0.658824
0.658824
0.658824
0.658824
0.658824
0.658824
0.658824
0.658824
0.658824
0.658824
0.619608
0.309804
0.305882
0.627451
0.619608
0.619608
0.698039
0.658824
0.658824
0.658824
0.658824
0.658824
0.658824
0.639216
0.250980
0.266667
0.611765
0.658824
0.619608
0.658824
0.658824
0.619608
0.619608
0.619608
0.619608
0.619608
0.619608
0.619608
0.619608
0.619608
0.619608
0.619608
0.619608
0.619608
0.619608
0.619608
0.619608
0.658824
0.658824
0.658824
0.658824
0.658824
0.658824
0.658824
0.658824
0.658824
0.658824
0.658824
0.658824
0.658824
0.658824
0.658824
0.658824
0.658824
0.658824
0.658824
0.658824
0.658824
0.658824
0.658824
0.658824
0.658824
0.658824
0.658824
0.658824
0.450980
0.345098
0.435294
0.619608
0.619608
0.658824
0.658824
0.658824
0.658824
0.658824
0.658824
0.619608
0.631373
0.250980
0.266667
0.631373
0.619608
0.619608
0.619608
0.619608
0.619608
0.619608
0.619608
0.619608
0.619608
0.619608
0.619608
0.619608
0.619608
0.619608
0.619608
0.619608
0.619608
0.619608
0.619608
0.619608
0.619608
0.619608
0.658824
0.619608
0.658824
0.658824
0.658824
0.658824
0.658824
0.658824
0.658824
0.658824
0.658824
0.658824
0.658824
0.658824
0.698039
0.658824
0.698039
0.698039
0.658824
0.658824
0.658824
0.658824
0.658824
0.658824
0.658824
0.658824
0.619608
0.333333
0.345098
0.635294
0.619608
0.619608
0.619608
0.619608
0.619608
0.619608
0.619608
0.619608
0.552941
0.223529
0.266667
0.643137
0.619608
0.619608
0.619608
0.619608
0.619608
0.580392
0.580392
0.580392
0.580392
0.619608
0.619608
0.619608
0.619608
0.619608
0.619608
0.619608
0.619608
0.619608
0.619608
0.619608
0.619608
0.619608
0.658824
0.658824
0.619608
0.658824
0.658824
0.658824
0.658824
0.658824
0.658824
0.658824
0.658824
0.658824
0.658824
0.658824
0.658824
0.658824
0.658824
0.658824
0.658824
0.658824
0.658824
0.658824
0.658824
0.658824
0.658824
0.658824
0.658824
0.494118
0.345098
0.392157
0.619608
0.619608
0.619608
0.619608
0.619608
0.619608
0.619608
0.615686
0.388235
0.262745
0.266667
0.576471
0.580392
0.619608
0.580392
0.580392
0.580392
0.580392
0.580392
0.580392
0.580392
0.580392
0.580392
0.580392
0.607843
0.619608
0.619608
0.619608
0.619608
0.619608
0.619608
0.619608
0.619608
0.619608
0.619608
0.619608
0.658824
0.658824
0.658824
0.658824
0.658824
0.658824
0.658824
0.698039
0.698039
0.658824
0.658824
0.698039
0.698039
0.698039
0.658824
0.658824
0.658824
0.658824
0.658824
0.658824
0.658824
0.658824
0.658824
0.658824
0.658824
0.658824
0.360784
0.384314
0.584314
0.619608
0.619608
0.619608
0.619608
0.619608
0.619608
0.619608
0.317647
0.266667
0.266667
0.592157
0.580392
0.580392
0.580392
0.580392
0.580392
0.580392
0.580392
0.580392
0.580392
0.580392
0.580392
0.580392
0.580392
0.580392
0.580392
0.619608
0.619608
0.619608
0.619608
0.619608
0.619608
0.619608
0.619608
0.619608
0.619608
0.658824
0.658824
0.658824
0.658824
0.658824
0.658824
0.698039
0.698039
0.658824
0.658824
0.698039
0.698039
0.698039
0.658824
0.643137
0.658824
0.658824
0.658824
0.658824
0.658824
0.658824
0.658824
0.658824
0.658824
0.619608
0.525490
0.384314
0.360784
0.619608
0.619608
0.619608
0.619608
0.619608
0.580392
0.584314
0.266667
0.254902
0.360784
0.580392
0.580392
0.580392
0.580392
0.580392
0.580392
0.541176
0.541176
0.541176
0.580392
0.580392
0.580392
0.580392
0.580392
0.580392
0.580392
0.580392
0.580392
0.619608
0.619608
0.619608
0.619608
0.619608
0.619608
0.619608
0.619608
0.619608
0.658824
0.658824
0.658824
0.658824
0.658824
0.698039
0.698039
0.658824
0.698039
0.698039
0.698039
0.698039
0.698039
0.658824
0.698039
0.698039
0.658824
0.658824
0.658824
0.658824
0.658824
0.658824
0.658824
0.619608
0.619608
0.411765
0.384314
0.490196
0.490196
0.450980
0.450980
0.415686
0.396078
0.423529
0.262745
0.274510
0.301961
0.396078
0.396078
0.396078
0.325490
0.301961
0.301961
0.301961
0.301961
0.301961
0.301961
0.301961
0.301961
0.301961
0.301961
0.301961
0.301961
0.301961
0.301961
0.301961
0.301961
0.301961
0.227451
0.227451
0.262745
0.262745
0.227451
0.227451
0.227451
0.227451
0.227451
0.227451
0.227451
0.227451
0.227451
0.227451
0.227451
0.227451
0.262745
0.262745
0.301961
0.325490
0.325490
0.325490
0.325490
0.356863
0.388235
0.396078
0.396078
0.396078
0.396078
0.435294
0.435294
0.376471
0.341176
