0.658824
0.658824
0.658824
0.658824
0.619608
0.619608
0.619608
0.619608
0.619608
0.619608
0.580392
0.580392
0.580392
0.580392
0.580392
0.580392
0.580392
0.619608
0.619608
0.619608
0.619608
0.619608
0.619608
0.647059
0.639216
0.643137
0.454902
0.631373
0.658824
0.698039
0.737255
0.737255
0.737255
0.737255
0.760784
0.815686
0.803922
0.729412
0.694118
0.619608
0.619608
0.619608
0.580392
0.541176
0.541176
0.447059
0.149020
0.149020
0.376471
0.439216
0.396078
0.250980
0.145098
0.203922
0.313726
0.345098
0.337255
0.294118
0.258824
0.333333
0.313726
0.313726
0.262745
0.000000
0.658824
0.658824
0.658824
0.658824
0.619608
0.619608
0.619608
0.619608
0.619608
0.619608
0.619608
0.619608
0.619608
0.580392
0.580392
0.580392
0.619608
0.619608
0.619608
0.619608
0.619608
0.619608
0.619608
0.619608
0.619608
0.619608
0.619608
0.658824
0.658824
0.709804
0.643137
0.737255
0.737255
0.776471
0.815686
0.815686
0.776471
0.768627
0.733333
0.658824
0.647059
0.619608
0.619608
0.580392
0.580392
0.525490
0.462745
0.462745
0.501961
0.482353
0.168627
0.133333
0.105882
0.462745
0.462745
0.462745
0.372549
0.345098
0.384314
0.450980
0.066667
0.070588
0.031373
0.070588
0.658824
0.658824
0.658824
0.498039
0.462745
0.607843
0.705882
0.615686
0.619608
0.619608
0.619608
0.619608
0.619608
0.619608
0.619608
0.619608
0.619608
0.619608
0.619608
0.658824
0.658824
0.658824
0.658824
0.658824
0.658824
0.658824
0.658824
0.658824
0.698039
0.698039
0.737255
0.737255
0.737255
0.384314
0.729412
0.815686
0.815686
0.807843
0.737255
0.705882
0.686275
0.658824
0.658824
0.619608
0.619608
0.580392
0.541176
0.541176
0.541176
0.513726
0.286275
0.168627
0.215686
0.317647
0.368627
0.537255
0.521569
0.156863
0.062745
0.231373
0.270588
0.211765
0.227451
0.227451
0.658824
0.658824
0.658824
0.658824
0.658824
0.682353
0.678431
0.556863
0.388235
0.666667
0.619608
0.619608
0.619608
0.619608
0.619608
0.619608
0.619608
0.619608
0.658824
0.658824
0.658824
0.658824
0.658824
0.658824
0.658824
0.658824
0.658824
0.658824
0.698039
0.698039
0.737255
0.737255
0.737255
0.776471
0.815686
0.815686
0.815686
0.807843
0.737255
0.705882
0.686275
0.658824
0.658824
0.619608
0.619608
0.619608
0.580392
0.580392
0.541176
0.513726
0.462745
0.462745
0.462745
0.443137
0.141176
0.172549
0.356863
0.345098
0.341176
0.345098
0.305882
0.266667
0.266667
0.345098
0.698039
0.698039
0.698039
0.658824
0.658824
0.658824
0.658824
0.658824
0.658824
0.658824
0.615686
0.419608
0.486275
0.650980
0.619608
0.619608
0.619608
0.658824
0.658824
0.658824
0.658824
0.658824
0.658824
0.658824
0.658824
0.658824
0.658824
0.658824
0.698039
0.698039
0.737255
0.737255
0.737255
0.776471
0.776471
0.815686
0.776471
0.776471
0.737255
0.705882
0.698039
0.698039
0.658824
0.658824
0.619608
0.619608
0.619608
0.619608
0.619608
0.541176
0.501961
0.423529
0.262745
0.227451
0.113725
0.400000
0.423529
0.419608
0.458824
0.458824
0.423529
0.384314
0.384314
0.384314
0.698039
0.698039
0.698039
0.698039
0.698039
0.658824
0.658824
0.658824
0.658824
0.658824
0.658824
0.658824
0.658824
0.658824
0.619608
0.458824
0.505882
0.623529
0.607843
0.658824
0.658824
0.658824
0.658824
0.658824
0.658824
0.658824
0.658824
0.658824
0.658824
0.698039
0.698039
0.737255
0.737255
0.737255
0.776471
0.776471
0.776471
0.776471
0.737255
0.705882
0.698039
0.698039
0.658824
0.658824
0.658824
0.658824
0.658824
0.619608
0.619608
0.580392
0.556863
0.478431
0.149020
0.149020
0.180392
0.462745
0.372549
0.384314
0.423529
0.462745
0.501961
0.501961
0.501961
0.501961
0.698039
0.698039
0.698039
0.698039
0.658824
0.658824
0.658824
0.658824
0.658824
0.658824
0.658824
0.658824
0.658824
0.658824
0.658824
0.658824
0.658824
0.647059
0.666667
0.482353
0.490196
0.658824
0.658824
0.658824
0.658824
0.658824
0.658824
0.658824
0.658824
0.698039
0.698039
0.698039
0.737255
0.737255
0.776471
0.776471
0.705882
0.737255
0.737255
0.737255
0.725490
0.698039
0.698039
0.658824
0.658824
0.658824
0.658824
0.658824
0.619608
0.580392
0.596078
0.521569
0.525490
0.505882
0.482353
0.486275
0.494118
0.501961
0.501961
0.501961
0.501961
0.501961
0.533333
0.501961
0.698039
0.698039
0.698039
0.698039
0.698039
0.658824
0.658824
0.658824
0.658824
0.658824
0.658824
0.658824
0.658824
0.658824
0.658824
0.658824
0.658824
0.658824
0.658824
0.658824
0.658824
0.658824
0.670588
0.568627
0.309804
0.674510
0.627451
0.658824
0.658824
0.698039
0.698039
0.698039
0.698039
0.737255
0.737255
0.776471
0.776471
0.737255
0.737255
0.737255
0.737255
0.737255
0.698039
0.698039
0.698039
0.658824
0.658824
0.658824
0.619608
0.619608
0.580392
0.541176
0.541176
0.541176
0.541176
0.541176
0.541176
0.541176
0.541176
0.541176
0.541176
0.541176
0.541176
0.541176
0.698039
0.698039
0.698039
0.698039
0.698039
0.698039
0.658824
0.658824
0.658824
0.658824
0.658824
0.658824
0.658824
0.658824
0.658824
0.658824
0.658824
0.658824
0.658824
0.658824
0.658824
0.658824
0.658824
0.658824
0.658824
0.658824
0.658824
0.658824
0.396078
0.670588
0.701961
0.698039
0.698039
0.737255
0.737255
0.737255
0.737255
0.737255
0.737255
0.737255
0.737255
0.737255
0.698039
0.698039
0.698039
0.658824
0.658824
0.658824
0.619608
0.619608
0.580392
0.580392
0.541176
0.541176
0.541176
0.541176
0.541176
0.541176
0.541176
0.541176
0.541176
0.541176
0.541176
0.541176
0.698039
0.698039
0.698039
0.698039
0.698039
0.698039
0.698039
0.698039
0.686275
0.658824
0.658824
0.658824
0.658824
0.658824
0.658824
0.658824
0.658824
0.658824
0.658824
0.658824
0.658824
0.658824
0.658824
0.658824
0.658824
0.658824
0.658824
0.658824
0.658824
0.658824
0.654902
0.462745
0.466667
0.698039
0.737255
0.737255
0.737255
0.737255
0.737255
0.737255
0.737255
0.737255
0.737255
0.698039
0.698039
0.698039
0.658824
0.658824
0.619608
0.619608
0.619608
0.580392
0.580392
0.541176
0.541176
0.541176
0.541176
0.541176
0.541176
0.541176
0.541176
0.541176
0.541176
0.541176
0.698039
0.698039
0.698039
0.698039
0.698039
0.698039
0.698039
0.698039
0.698039
0.698039
0.658824
0.658824
0.658824
0.658824
0.658824
0.658824
0.658824
0.658824
0.658824
0.658824
0.658824
0.658824
0.658824
0.658824
0.658824
0.658824
0.658824
0.658824
0.658824
0.658824
0.698039
0.698039
0.698039
0.698039
0.705882
0.596078
0.427451
0.717647
0.737255
0.737255
0.737255
0.737255
0.737255
0.698039
0.698039
0.698039
0.658824
0.658824
0.658824
0.619608
0.619608
0.619608
0.580392
0.580392
0.580392
0.549020
0.541176
0.541176
0.541176
0.541176
0.541176
0.541176
0.541176
0.541176
0.698039
0.698039
0.698039
0.698039
0.698039
0.698039
0.698039
0.698039
0.698039
0.698039
0.698039
0.694118
0.658824
0.658824
0.658824
0.658824
0.658824
0.658824
0.658824
0.658824
0.658824
0.658824
0.658824
0.658824
0.658824
0.658824
0.658824
0.658824
0.658824
0.658824
0.698039
0.698039
0.698039
0.698039
0.737255
0.737255
0.737255
0.733333
0.737255
0.733333
0.729412
0.411765
0.278431
0.694118
0.698039
0.698039
0.658824
0.658824
0.658824
0.619608
0.619608
0.619608
0.580392
0.580392
0.580392
0.580392
0.580392
0.580392
0.576471
0.576471
0.576471
0.541176
0.576471
0.576471
0.698039
0.698039
0.698039
0.698039
0.698039
0.698039
0.698039
0.698039
0.686275
0.658824
0.658824
0.658824
0.698039
0.658824
0.658824
0.658824
0.658824
0.658824
0.658824
0.658824
0.658824
0.658824
0.658824
0.658824
0.658824
0.658824
0.658824
0.658824
0.658824
0.658824
0.698039
0.698039
0.698039
0.698039
0.698039
0.737255
0.737255
0.737255
0.737255
0.737255
0.737255
0.737255
0.737255
0.698039
0.698039
0.698039
0.658824
0.658824
0.658824
0.619608
0.619608
0.619608
0.580392
0.580392
0.580392
0.580392
0.580392
0.580392
0.580392
0.580392
0.580392
0.580392
0.580392
0.580392
0.698039
0.698039
0.698039
0.698039
0.698039
0.682353
0.698039
0.698039
0.698039
0.698039
0.698039
0.698039
0.698039
0.698039
0.698039
0.658824
0.658824
0.698039
0.698039
0.658824
0.658824
0.658824
0.658824
0.658824
0.658824
0.658824
0.658824
0.658824
0.658824
0.698039
0.698039
0.698039
0.698039
0.698039
0.698039
0.737255
0.737255
0.737255
0.737255
0.737255
0.737255
0.737255
0.698039
0.698039
0.698039
0.698039
0.658824
0.658824
0.658824
0.619608
0.619608
0.619608
0.619608
0.580392
0.580392
0.580392
0.580392
0.580392
0.580392
0.580392
0.580392
0.580392
0.580392
0.580392
0.682353
0.698039
0.713726
0.698039
0.698039
0.698039
0.698039
0.698039
0.698039
0.698039
0.698039
0.698039
0.698039
0.698039
0.698039
0.698039
0.698039
0.698039
0.698039
0.698039
0.658824
0.658824
0.658824
0.658824
0.658824
0.658824
0.658824
0.658824
0.682353
0.698039
0.698039
0.698039
0.698039
0.698039
0.698039
0.737255
0.737255
0.737255
0.737255
0.737255
0.729412
0.713726
0.698039
0.698039
0.698039
0.698039
0.658824
0.658824
0.658824
0.635294
0.619608
0.619608
0.619608
0.619608
0.603922
0.588235
0.580392
0.580392
0.580392
0.580392
0.580392
0.580392
0.580392
0.580392
0.698039
0.698039
0.698039
0.698039
0.698039
0.698039
0.698039
0.698039
0.698039
0.698039
0.698039
0.698039
0.698039
0.698039
0.698039
0.698039
0.698039
0.698039
0.698039
0.698039
0.658824
0.658824
0.658824
0.658824
0.658824
0.658824
0.658824
0.698039
0.698039
0.698039
0.698039
0.698039
0.698039
0.698039
0.698039
0.737255
0.737255
0.737255
0.737255
0.737255
0.725490
0.698039
0.698039
0.698039
0.698039
0.658824
0.658824
0.658824
0.658824
0.658824
0.619608
0.619608
0.619608
0.619608
0.619608
0.619608
0.619608
0.619608
0.580392
0.580392
0.580392
0.580392
0.580392
0.580392
0.737255
0.737255
0.737255
0.698039
0.698039
0.698039
0.698039
0.698039
0.698039
0.698039
0.698039
0.698039
0.698039
0.698039
0.698039
0.698039
0.698039
0.698039
0.698039
0.698039
0.698039
0.658824
0.658824
0.658824
0.658824
0.658824
0.658824
0.658824
0.658824
0.698039
0.698039
0.698039
0.698039
0.698039
0.698039
0.698039
0.698039
0.698039
0.698039
0.698039
0.698039
0.698039
0.698039
0.698039
0.698039
0.658824
0.658824
0.658824
0.658824
0.658824
0.619608
0.619608
0.619608
0.619608
0.619608
0.619608
0.619608
0.619608
0.619608
0.619608
0.619608
0.619608
0.619608
0.580392
0.737255
0.737255
0.698039
0.698039
0.698039
0.698039
0.698039
0.698039
0.698039
0.698039
0.698039
0.698039
0.698039
0.698039
0.698039
0.698039
0.698039
0.698039
0.698039
0.698039
0.698039
0.698039
0.674510
0.690196
0.698039
0.698039
0.658824
0.658824
0.698039
0.698039
0.698039
0.698039
0.698039
0.698039
0.698039
0.698039
0.698039
0.698039
0.698039
0.698039
0.698039
0.698039
0.698039
0.698039
0.698039
0.682353
0.658824
0.658824
0.658824
0.658824
0.643137
0.619608
0.619608
0.619608
0.619608
0.619608
0.619608
0.619608
0.619608
0.619608
0.619608
0.619608
0.619608
0.580392
0.737255
0.737255
0.737255
0.698039
0.698039
0.698039
0.698039
0.698039
0.698039
0.698039
0.698039
0.698039
0.698039
0.698039
0.698039
0.698039
0.698039
0.698039
0.698039
0.698039
0.698039
0.698039
0.698039
0.698039
0.698039
0.698039
0.698039
0.698039
0.698039
0.698039
0.698039
0.698039
0.698039
0.698039
0.698039
0.698039
0.698039
0.698039
0.698039
0.698039
0.698039
0.698039
0.698039
0.698039
0.698039
0.658824
0.658824
0.658824
0.658824
0.658824
0.619608
0.619608
0.619608
0.619608
0.619608
0.619608
0.619608
0.619608
0.619608
0.619608
0.619608
0.619608
0.619608
0.580392
0.737255
0.737255
0.737255
0.737255
0.737255
0.698039
0.698039
0.698039
0.698039
0.698039
0.698039
0.698039
0.698039
0.698039
0.698039
0.698039
0.698039
0.698039
0.698039
0.698039
0.698039
0.698039
0.698039
0.698039
0.698039
0.698039
0.698039
0.698039
0.698039
0.698039
0.698039
0.698039
0.698039
0.698039
0.698039
0.698039
0.698039
0.698039
0.698039
0.698039
0.698039
0.698039
0.698039
0.698039
0.658824
0.658824
0.658824
0.658824
0.658824
0.619608
0.619608
0.619608
0.619608
0.619608
0.619608
0.619608
0.619608
0.619608
0.619608
0.619608
0.619608
0.619608
0.580392
0.580392
0.737255
0.737255
0.737255
0.737255
0.701961
0.698039
0.698039
0.698039
0.698039
0.698039
0.698039
0.698039
0.698039
0.698039
0.698039
0.698039
0.698039
0.698039
0.698039
0.698039
0.698039
0.698039
0.698039
0.698039
0.698039
0.698039
0.698039
0.698039
0.698039
0.698039
0.698039
0.698039
0.698039
0.698039
0.698039
0.698039
0.698039
0.698039
0.698039
0.698039
0.698039
0.698039
0.698039
0.694118
0.658824
0.658824
0.658824
0.658824
0.658824
0.619608
0.619608
0.619608
0.619608
0.619608
0.619608
0.619608
0.619608
0.619608
0.619608
0.619608
0.619608
0.619608
0.584314
0.584314
0.298039
0.388235
0.737255
0.737255
0.737255
0.698039
0.698039
0.698039
0.698039
0.698039
0.698039
0.698039
0.698039
0.698039
0.698039
0.698039
0.698039
0.698039
0.698039
0.698039
0.698039
0.698039
0.698039
0.698039
0.698039
0.698039
0.698039
0.698039
0.698039
0.698039
0.698039
0.698039
0.698039
0.698039
0.698039
0.698039
0.698039
0.698039
0.698039
0.698039
0.698039
0.698039
0.658824
0.658824
0.658824
0.658824
0.658824
0.658824
0.658824
0.619608
0.619608
0.619608
0.619608
0.619608
0.619608
0.619608
0.619608
0.619608
0.619608
0.619608
0.619608
0.619608
0.619608
0.619608
0.737255
0.737255
0.600000
0.325490
0.588235
0.698039
0.698039
0.698039
0.698039
0.698039
0.698039
0.698039
0.698039
0.698039
0.698039
0.698039
0.698039
0.698039
0.698039
0.698039
0.698039
0.698039
0.698039
0.698039
0.698039
0.698039
0.698039
0.698039
0.698039
0.698039
0.698039
0.698039
0.698039
0.698039
0.698039
0.698039
0.698039
0.698039
0.658824
0.658824
0.658824
0.658824
0.658824
0.658824
0.658824
0.658824
0.658824
0.658824
0.619608
0.619608
0.619608
0.619608
0.619608
0.619608
0.619608
0.619608
0.619608
0.619608
0.619608
0.619608
0.619608
0.619608
0.619608
0.619608
0.737255
0.737255
0.737255
0.709804
0.764706
0.266667
0.278431
0.709804
0.698039
0.698039
0.698039
0.698039
0.698039
0.698039
0.698039
0.698039
0.698039
0.698039
0.698039
0.698039
0.698039
0.698039
0.698039
0.698039
0.698039
0.698039
0.698039
0.698039
0.698039
0.698039
0.698039
0.698039
0.698039
0.698039
0.698039
0.698039
0.658824
0.658824
0.658824
0.658824
0.658824
0.658824
0.658824
0.658824
0.658824
0.658824
0.619608
0.619608
0.619608
0.619608
0.619608
0.619608
0.619608
0.619608
0.619608
0.619608
0.619608
0.619608
0.619608
0.619608
0.619608
0.619608
0.580392
0.580392
0.737255
0.737255
0.737255
0.737255
0.698039
0.698039
0.686275
0.603922
0.309804
0.545098
0.701961
0.698039
0.698039
0.698039
0.698039
0.698039
0.698039
0.698039
0.698039
0.698039
0.698039
0.698039
0.698039
0.698039
0.698039
0.698039
0.698039
0.698039
0.698039
0.698039
0.698039
0.698039
0.698039
0.698039
0.658824
0.658824
0.658824
0.658824
0.658824
0.658824
0.658824
0.658824
0.658824
0.658824
0.658824
0.619608
0.619608
0.619608
0.619608
0.619608
0.619608
0.619608
0.619608
0.619608
0.619608
0.619608
0.619608
0.619608
0.619608
0.619608
0.619608
0.619608
0.580392
0.580392
0.737255
0.737255
0.737255
0.737255
0.737255
0.737255
0.698039
0.698039
0.698039
0.698039
0.278431
0.392157
0.694118
0.698039
0.698039
0.698039
0.698039
0.698039
0.698039
0.698039
0.698039
0.698039
0.698039
0.698039
0.698039
0.698039
0.698039
0.698039
0.698039
0.698039
0.698039
0.698039
0.698039
0.658824
0.658824
0.658824
0.658824
0.658824
0.658824
0.658824
0.658824
0.658824
0.658824
0.658824
0.658824
0.619608
0.619608
0.619608
0.619608
0.619608
0.619608
0.619608
0.619608
0.619608
0.619608
0.619608
0.619608
0.619608
0.619608
0.619608
0.619608
0.580392
0.580392
0.580392
0.737255
0.737255
0.737255
0.737255
0.737255
0.737255
0.698039
0.698039
0.698039
0.698039
0.698039
0.721569
0.356863
0.290196
0.713726
0.698039
0.698039
0.698039
0.698039
0.698039
0.698039
0.698039
0.698039
0.698039
0.698039
0.698039
0.698039
0.698039
0.698039
0.698039
0.698039
0.698039
0.658824
0.658824
0.658824
0.658824
0.658824
0.658824
0.658824
0.658824
0.658824
0.658824
0.658824
0.658824
0.658824
0.619608
0.619608
0.619608
0.619608
0.619608
0.619608
0.619608
0.619608
0.619608
0.619608
0.619608
0.619608
0.619608
0.619608
0.619608
0.619608
0.619608
0.580392
0.580392
0.737255
0.737255
0.737255
0.737255
0.737255
0.737255
0.737255
0.737255
0.725490
0.698039
0.698039
0.737255
0.698039
0.698039
0.509804
0.337255
0.654902
0.698039
0.698039
0.698039
0.698039
0.698039
0.698039
0.698039
0.698039
0.698039
0.698039
0.698039
0.698039
0.698039
0.698039
0.658824
0.658824
0.658824
0.658824
0.658824
0.658824
0.658824
0.658824
0.658824
0.658824
0.658824
0.658824
0.658824
0.658824
0.619608
0.619608
0.619608
0.619608
0.619608
0.619608
0.619608
0.619608
0.619608
0.619608
0.588235
0.580392
0.580392
0.619608
0.619608
0.619608
0.619608
0.580392
0.580392
0.737255
0.737255
0.737255
0.737255
0.737255
0.737255
0.737255
0.737255
0.725490
0.698039
0.698039
0.698039
0.698039
0.698039
0.698039
0.698039
0.678431
0.266667
0.509804
0.670588
0.698039
0.698039
0.698039
0.698039
0.698039
0.698039
0.698039
0.698039
0.698039
0.698039
0.698039
0.658824
0.658824
0.658824
0.658824
0.658824
0.658824
0.658824
0.658824
0.658824
0.658824
0.658824
0.658824
0.658824
0.619608
0.619608
0.619608
0.619608
0.619608
0.619608
0.619608
0.619608
0.619608
0.619608
0.619608
0.619608
0.619608
0.619608
0.619608
0.619608
0.580392
0.619608
0.580392
0.580392
0.737255
0.737255
0.737255
0.737255
0.737255
0.737255
0.737255
0.705882
0.698039
0.698039
0.698039
0.698039
0.698039
0.698039
0.698039
0.698039
0.698039
0.721569
0.713726
0.227451
0.305882
0.698039
0.698039
0.698039
0.698039
0.698039
0.698039
0.658824
0.658824
0.658824
0.698039
0.658824
0.658824
0.658824
0.658824
0.658824
0.658824
0.658824
0.658824
0.658824
0.658824
0.658824
0.658824
0.658824
0.658824
0.619608
0.619608
0.619608
0.619608
0.619608
0.619608
0.619608
0.619608
0.619608
0.619608
0.619608
0.619608
0.619608
0.619608
0.619608
0.580392
0.619608
0.619608
0.619608
0.737255
0.737255
0.737255
0.737255
0.737255
0.698039
0.698039
0.698039
0.698039
0.698039
0.698039
0.698039
0.698039
0.698039
0.698039
0.698039
0.698039
0.698039
0.698039
0.698039
0.701961
0.309804
0.250980
0.666667
0.666667
0.698039
0.698039
0.698039
0.698039
0.698039
0.698039
0.658824
0.658824
0.658824
0.658824
0.658824
0.658824
0.658824
0.658824
0.658824
0.658824
0.658824
0.658824
0.619608
0.619608
0.619608
0.619608
0.619608
0.619608
0.619608
0.619608
0.619608
0.619608
0.619608
0.619608
0.619608
0.619608
0.619608
0.619608
0.619608
0.619608
0.619608
0.619608
0.619608
0.737255
0.737255
0.737255
0.737255
0.698039
0.698039
0.698039
0.698039
0.698039
0.698039
0.698039
0.698039
0.698039
0.698039
0.698039
0.698039
0.698039
0.698039
0.698039
0.698039
0.698039
0.698039
0.658824
0.337255
0.341176
0.705882
0.745098
0.698039
0.698039
0.698039
0.658824
0.658824
0.658824
0.658824
0.658824
0.658824
0.658824
0.658824
0.658824
0.658824
0.658824
0.658824
0.658824
0.619608
0.619608
0.619608
0.619608
0.619608
0.619608
0.619608
0.619608
0.619608
0.619608
0.619608
0.619608
0.619608
0.619608
0.619608
0.619608
0.619608
0.619608
0.619608
0.619608
0.619608
0.737255
0.737255
0.737255
0.737255
0.698039
0.698039
0.698039
0.698039
0.698039
0.698039
0.698039
0.698039
0.698039
0.698039
0.698039
0.698039
0.698039
0.698039
0.698039
0.698039
0.698039
0.698039
0.698039
0.698039
0.690196
0.572549
0.349020
0.541176
0.658824
0.698039
0.658824
0.658824
0.658824
0.658824
0.658824
0.658824
0.658824
0.658824
0.658824
0.658824
0.658824
0.658824
0.658824
0.619608
0.619608
0.619608
0.619608
0.619608
0.619608
0.619608
0.619608
0.619608
0.619608
0.619608
0.619608
0.619608
0.619608
0.619608
0.619608
0.619608
0.619608
0.619608
0.619608
0.619608
0.737255
0.737255
0.737255
0.698039
0.698039
0.698039
0.698039
0.698039
0.698039
0.698039
0.698039
0.698039
0.698039
0.698039
0.698039
0.698039
0.698039
0.698039
0.698039
0.698039
0.698039
0.698039
0.698039
0.698039
0.698039
0.698039
0.698039
0.588235
0.282353
0.439216
0.682353
0.658824
0.658824
0.658824
0.658824
0.658824
0.658824
0.658824
0.658824
0.658824
0.658824
0.658824
0.658824
0.619608
0.619608
0.619608
0.619608
0.619608
0.619608
0.619608
0.619608
0.619608
0.619608
0.619608
0.619608
0.619608
0.619608
0.619608
0.619608
0.619608
0.619608
0.619608
0.619608
0.619608
0.737255
0.737255
0.737255
0.737255
0.737255
0.737255
0.737255
0.737255
0.725490
0.698039
0.698039
0.698039
0.698039
0.698039
0.698039
0.698039
0.698039
0.698039
0.698039
0.698039
0.698039
0.698039
0.698039
0.698039
0.698039
0.698039
0.698039
0.698039
0.698039
0.572549
0.305882
0.341176
0.643137
0.658824
0.658824
0.658824
0.658824
0.658824
0.658824
0.658824
0.658824
0.658824
0.658824
0.619608
0.619608
0.619608
0.619608
0.619608
0.619608
0.619608
0.619608
0.619608
0.619608
0.619608
0.619608
0.619608
0.619608
0.619608
0.619608
0.619608
0.619608
0.619608
0.619608
0.619608
0.737255
0.737255
0.737255
0.737255
0.737255
0.737255
0.698039
0.698039
0.698039
0.698039
0.698039
0.698039
0.698039
0.698039
0.698039
0.698039
0.698039
0.698039
0.698039
0.698039
0.698039
0.698039
0.698039
0.698039
0.698039
0.698039
0.698039
0.698039
0.698039
0.698039
0.670588
0.564706
0.270588
0.552941
0.658824
0.658824
0.658824
0.658824
0.658824
0.658824
0.658824
0.658824
0.658824
0.619608
0.619608
0.619608
0.619608
0.619608
0.619608
0.619608
0.619608
0.619608
0.619608
0.619608
0.619608
0.619608
0.619608
0.619608
0.619608
0.619608
0.619608
0.619608
0.619608
0.619608
0.737255
0.737255
0.737255
0.737255
0.737255
0.737255
0.698039
0.698039
0.698039
0.698039
0.698039
0.698039
0.698039
0.698039
0.698039
0.698039
0.698039
0.698039
0.698039
0.698039
0.698039
0.698039
0.698039
0.698039
0.698039
0.698039
0.698039
0.698039
0.698039
0.658824
0.658824
0.658824
0.658824
0.392157
0.247059
0.603922
0.658824
0.658824
0.658824
0.658824
0.658824
0.658824
0.658824
0.619608
0.619608
0.619608
0.619608
0.619608
0.619608
0.619608
0.619608
0.619608
0.619608
0.619608
0.619608
0.619608
0.619608
0.619608
0.619608
0.619608
0.619608
0.619608
0.619608
0.619608
0.737255
0.737255
0.737255
0.737255
0.737255
0.737255
0.737255
0.705882
0.698039
0.698039
0.698039
0.698039
0.698039
0.698039
0.698039
0.698039
0.698039
0.698039
0.698039
0.698039
0.698039
0.698039
0.698039
0.698039
0.686275
0.658824
0.658824
0.658824
0.658824
0.658824
0.658824
0.658824
0.658824
0.658824
0.658824
0.227451
0.231373
0.694118
0.658824
0.658824
0.658824
0.658824
0.658824
0.619608
0.619608
0.619608
0.619608
0.619608
0.619608
0.619608
0.619608
0.619608
0.619608
0.619608
0.619608
0.619608
0.619608
0.619608
0.619608
0.619608
0.619608
0.619608
0.619608
0.619608
0.737255
0.737255
0.737255
0.737255
0.737255
0.737255
0.737255
0.705882
0.705882
0.737255
0.698039
0.698039
0.698039
0.698039
0.698039
0.698039
0.698039
0.698039
0.698039
0.698039
0.698039
0.658824
0.698039
0.666667
0.666667
0.698039
0.658824
0.658824
0.658824
0.658824
0.658824
0.658824
0.658824
0.658824
0.658824
0.658824
0.619608
0.270588
0.207843
0.658824
0.658824
0.658824
0.658824
0.658824
0.658824
0.619608
0.619608
0.619608
0.619608
0.619608
0.619608
0.619608
0.619608
0.619608
0.619608
0.619608
0.619608
0.619608
0.619608
0.619608
0.619608
0.619608
0.619608
0.619608
0.737255
0.737255
0.737255
0.737255
0.737255
0.698039
0.698039
0.698039
0.698039
0.698039
0.698039
0.698039
0.698039
0.698039
0.698039
0.698039
0.698039
0.698039
0.698039
0.698039
0.698039
0.658824
0.698039
0.666667
0.658824
0.658824
0.658824
0.658824
0.658824
0.658824
0.658824
0.658824
0.658824
0.658824
0.658824
0.658824
0.658824
0.658824
0.650980
0.247059
0.243137
0.643137
0.658824
0.658824
0.619608
0.619608
0.619608
0.619608
0.619608
0.619608
0.619608
0.619608
0.619608
0.619608
0.619608
0.619608
0.619608
0.619608
0.619608
0.619608
0.619608
0.619608
0.619608
0.619608
0.737255
0.737255
0.737255
0.698039
0.698039
0.698039
0.698039
0.698039
0.698039
0.698039
0.698039
0.698039
0.698039
0.698039
0.698039
0.698039
0.698039
0.698039
0.698039
0.698039
0.698039
0.658824
0.698039
0.698039
0.686275
0.658824
0.698039
0.658824
0.658824
0.658824
0.658824
0.658824
0.658824
0.658824
0.658824
0.658824
0.658824
0.658824
0.658824
0.658824
0.568627
0.223529
0.313726
0.643137
0.658824
0.658824
0.658824
0.658824
0.619608
0.619608
0.619608
0.619608
0.619608
0.619608
0.619608
0.619608
0.619608
0.619608
0.619608
0.619608
0.619608
0.619608
0.619608
0.619608
0.737255
0.737255
0.737255
0.737255
0.698039
0.737255
0.698039
0.698039
0.698039
0.698039
0.698039
0.698039
0.698039
0.698039
0.698039
0.698039
0.698039
0.698039
0.698039
0.698039
0.698039
0.698039
0.698039
0.698039
0.686275
0.658824
0.658824
0.658824
0.658824
0.658824
0.658824
0.658824
0.658824
0.658824
0.658824
0.658824
0.658824
0.658824
0.658824
0.658824
0.658824
0.658824
0.274510
0.231373
0.592157
0.619608
0.619608
0.619608
0.619608
0.619608
0.619608
0.619608
0.619608
0.619608
0.619608
0.619608
0.619608
0.619608
0.619608
0.619608
0.658824
0.619608
0.619608
0.619608
0.737255
0.737255
0.737255
0.737255
0.737255
0.737255
0.698039
0.698039
0.698039
0.698039
0.698039
0.698039
0.698039
0.698039
0.698039
0.698039
0.698039
0.698039
0.698039
0.698039
0.698039
0.698039
0.658824
0.658824
0.658824
0.658824
0.658824
0.658824
0.658824
0.658824
0.658824
0.658824
0.658824
0.658824
0.658824
0.658824
0.658824
0.658824
0.658824
0.658824
0.658824
0.658824
0.658824
0.568627
0.215686
0.227451
0.650980
0.619608
0.619608
0.619608
0.619608
0.619608
0.619608
0.619608
0.619608
0.619608
0.619608
0.619608
0.619608
0.619608
0.619608
0.619608
0.619608
0.619608
0.737255
0.737255
0.737255
0.737255
0.737255
0.737255
0.733333
0.705882
0.698039
0.698039
0.698039
0.698039
0.698039
0.698039
0.698039
0.698039
0.698039
0.698039
0.698039
0.698039
0.698039
0.658824
0.658824
0.658824
0.658824
0.658824
0.658824
0.658824
0.658824
0.658824
0.658824
0.658824
0.658824
0.658824
0.658824
0.658824
0.658824
0.658824
0.658824
0.658824
0.658824
0.654902
0.654902
0.623529
0.615686
0.380392
0.290196
0.443137
0.627451
0.619608
0.619608
0.619608
0.654902
0.619608
0.619608
0.619608
0.619608
0.619608
0.619608
0.619608
0.619608
0.619608
0.619608
0.619608
0.737255
0.737255
0.737255
0.737255
0.737255
0.698039
0.698039
0.698039
0.698039
0.698039
0.698039
0.698039
0.698039
0.698039
0.698039
0.698039
0.698039
0.698039
0.698039
0.698039
0.658824
0.698039
0.694118
0.647059
0.658824
0.658824
0.658824
0.658824
0.658824
0.658824
0.658824
0.658824
0.658824
0.658824
0.658824
0.658824
0.658824
0.658824
0.658824
0.658824
0.658824
0.658824
0.619608
0.619608
0.619608
0.619608
0.647059
0.215686
0.215686
0.643137
0.619608
0.619608
0.619608
0.619608
0.619608
0.619608
0.619608
0.619608
0.619608
0.619608
0.619608
0.619608
0.619608
0.619608
0.737255
0.737255
0.737255
0.737255
0.737255
0.698039
0.698039
0.698039
0.698039
0.698039
0.698039
0.698039
0.698039
0.698039
0.698039
0.698039
0.658824
0.658824
0.698039
0.658824
0.658824
0.658824
0.658824
0.658824
0.658824
0.658824
0.658824
0.658824
0.658824
0.658824
0.658824
0.658824
0.658824
0.658824
0.658824
0.658824
0.658824
0.658824
0.658824
0.658824
0.658824
0.658824
0.658824
0.658824
0.658824
0.619608
0.658824
0.619608
0.423529
0.227451
0.337255
0.619608
0.619608
0.619608
0.619608
0.619608
0.619608
0.619608
0.619608
0.619608
0.619608
0.619608
0.619608
0.619608
0.737255
0.737255
0.737255
0.713726
0.713726
0.698039
0.698039
0.698039
0.698039
0.698039
0.698039
0.698039
0.698039
0.674510
0.674510
0.674510
0.658824
0.658824
0.658824
0.674510
0.658824
0.686275
0.631373
0.666667
0.658824
0.658824
0.658824
0.658824
0.658824
0.658824
0.658824
0.658824
0.658824
0.658824
0.658824
0.658824
0.658824
0.658824
0.658824
0.658824
0.658824
0.658824
0.658824
0.658824
0.658824
0.643137
0.658824
0.635294
0.658824
0.678431
0.247059
0.211765
0.627451
0.619608
0.619608
0.619608
0.619608
0.619608
0.619608
0.619608
0.619608
0.619608
0.619608
0.619608
0.698039
0.737255
0.737255
0.698039
0.698039
0.698039
0.698039
0.698039
0.698039
0.698039
0.698039
0.698039
0.698039
0.698039
0.698039
0.658824
0.658824
0.658824
0.658824
0.658824
0.658824
0.658824
0.658824
0.658824
0.658824
0.658824
0.658824
0.658824
0.658824
0.658824
0.658824
0.658824
0.658824
0.658824
0.658824
0.658824
0.658824
0.658824
0.658824
0.658824
0.658824
0.658824
0.658824
0.658824
0.658824
0.658824
0.658824
0.619608
0.658824
0.619608
0.654902
0.400000
0.250980
0.431373
0.619608
0.619608
0.619608
0.619608
0.619608
0.619608
0.619608
0.619608
0.619608
0.619608
0.290196
0.698039
0.698039
0.698039
0.698039
0.698039
0.698039
0.698039
0.698039
0.698039
0.698039
0.698039
0.698039
0.698039
0.698039
0.698039
0.658824
0.658824
0.658824
0.658824
0.658824
0.658824
0.658824
0.658824
0.658824
0.658824
0.658824
0.698039
0.698039
0.698039
0.658824
0.658824
0.658824
0.658824
0.698039
0.658824
0.658824
0.658824
0.658824
0.658824
0.658824
0.658824
0.658824
0.658824
0.658824
0.658824
0.658824
0.658824
0.658824
0.658824
0.658824
0.619608
0.615686
0.227451
0.247059
0.627451
0.619608
0.619608
0.619608
0.619608
0.619608
0.619608
0.619608
0.580392
0.305882
0.286275
0.725490
0.698039
0.682353
0.698039
0.698039
0.698039
0.698039
0.698039
0.698039
0.698039
0.698039
0.698039
0.698039
0.674510
0.658824
0.658824
0.658824
0.658824
0.658824
0.658824
0.658824
0.658824
0.658824
0.658824
0.698039
0.698039
0.698039
0.698039
0.698039
0.674510
0.674510
0.658824
0.658824
0.682353
0.658824
0.658824
0.658824
0.658824
0.658824
0.658824
0.658824
0.658824
0.658824
0.658824
0.658824
0.643137
0.643137
0.658824
0.619608
0.619608
0.619608
0.650980
0.227451
0.247059
0.560784
0.647059
0.619608
0.619608
0.619608
0.603922
0.603922
0.580392
0.333333
0.305882
0.360784
0.698039
0.698039
0.698039
0.698039
0.698039
0.698039
0.698039
0.698039
0.698039
0.698039
0.698039
0.698039
0.698039
0.658824
0.658824
0.658824
0.658824
0.698039
0.658824
0.658824
0.686275
0.698039
0.698039
0.658824
0.698039
0.698039
0.698039
0.698039
0.698039
0.698039
0.698039
0.698039
0.698039
0.658824
0.658824
0.658824
0.658824
0.658824
0.658824
0.658824
0.658824
0.658824
0.658824
0.658824
0.658824
0.658824
0.658824
0.619608
0.619608
0.619608
0.619608
0.611765
0.458824
0.223529
0.196078
0.580392
0.619608
0.619608
0.580392
0.580392
0.580392
0.658824
0.200000
0.305882
0.525490
0.658824
0.658824
0.698039
0.698039
0.698039
0.698039
0.698039
0.658824
0.658824
0.658824
0.698039
0.698039
0.698039
0.698039
0.658824
0.658824
0.698039
0.658824
0.698039
0.698039
0.698039
0.698039
0.698039
0.698039
0.658824
0.698039
0.698039
0.698039
0.698039
0.698039
0.698039
0.698039
0.658824
0.698039
0.698039
0.666667
0.658824
0.658824
0.658824
0.658824
0.658824
0.658824
0.658824
0.658824
0.658824
0.619608
0.619608
0.619608
0.619608
0.619608
0.619608
0.619608
0.615686
0.235294
0.227451
0.654902
0.619608
0.580392
0.580392
0.580392
0.658824
0.670588
0.298039
0.301961
0.643137
0.658824
0.658824
0.686275
0.694118
0.694118
0.694118
0.658824
0.658824
0.662745
0.698039
0.698039
0.698039
0.698039
0.666667
0.658824
0.698039
0.698039
0.698039
0.670588
0.662745
0.662745
0.694118
0.694118
0.658824
0.698039
0.698039
0.698039
0.698039
0.698039
0.698039
0.698039
0.698039
0.698039
0.698039
0.698039
0.686275
0.658824
0.658824
0.658824
0.658824
0.658824
0.658824
0.619608
0.654902
0.619608
0.619608
0.619608
0.619608
0.619608
0.615686
0.588235
0.580392
0.580392
0.176471
0.223529
0.549020
0.580392
0.580392
0.580392
0.658824
0.658824
0.639216
0.266667
0.250980
0.658824
0.658824
0.658824
0.658824
0.658824
0.658824
0.658824
0.658824
0.698039
0.698039
0.698039
0.698039
0.698039
0.698039
0.698039
0.698039
0.698039
0.698039
0.698039
0.698039
0.698039
0.698039
0.698039
0.698039
0.698039
0.698039
0.698039
0.698039
0.698039
0.698039
0.698039
0.698039
0.698039
0.698039
0.698039
0.698039
0.698039
0.658824
0.658824
0.658824
0.658824
0.658824
0.619608
0.619608
0.619608
0.619608
0.619608
0.619608
0.580392
0.580392
0.580392
0.580392
0.580392
0.580392
0.345098
0.227451
0.341176
0.580392
0.580392
0.658824
0.658824
0.658824
0.392157
0.266667
0.270588
0.658824
0.658824
0.658824
0.658824
0.658824
0.658824
0.658824
0.658824
0.658824
0.698039
0.698039
0.698039
0.698039
0.698039
0.698039
0.698039
0.698039
0.698039
0.698039
0.698039
0.698039
0.698039
0.698039
0.698039
0.698039
0.698039
0.698039
0.698039
0.698039
0.698039
0.698039
0.698039
0.698039
0.666667
0.658824
0.658824
0.658824
0.658824
0.658824
0.658824
0.619608
0.619608
0.619608
0.619608
0.619608
0.619608
0.619608
0.619608
0.580392
0.580392
0.580392
0.580392
0.580392
0.580392
0.486275
0.243137
0.250980
0.545098
0.658824
0.658824
0.658824
0.580392
0.266667
0.301961
0.658824
0.658824
0.658824
0.658824
0.658824
0.698039
0.698039
0.658824
0.658824
0.698039
0.698039
0.698039
0.698039
0.698039
0.698039
0.737255
0.698039
0.698039
0.698039
0.698039
0.698039
0.698039
0.698039
0.698039
0.737255
0.698039
0.698039
0.698039
0.698039
0.698039
0.698039
0.698039
0.698039
0.698039
0.686275
0.658824
0.658824
0.658824
0.658824
0.658824
0.619608
0.619608
0.619608
0.619608
0.619608
0.619608
0.619608
0.580392
0.580392
0.580392
0.580392
0.580392
0.580392
0.580392
0.580392
0.588235
0.227451
0.254902
0.658824
0.658824
0.658824
0.658824
0.517647
0.305882
0.290196
0.658824
0.658824
0.658824
0.658824
0.698039
0.698039
0.698039
0.698039
0.698039
0.698039
0.698039
0.698039
0.698039
0.698039
0.737255
0.698039
0.698039
0.698039
0.698039
0.698039
0.698039
0.658824
0.698039
0.698039
0.698039
0.698039
0.698039
0.698039
0.698039
0.658824
0.658824
0.658824
0.658824
0.658824
0.658824
0.658824
0.658824
0.658824
0.658824
0.619608
0.619608
0.619608
0.580392
0.580392
0.580392
0.580392
0.580392
0.580392
0.580392
0.580392
0.580392
0.580392
0.580392
0.580392
0.541176
0.556863
0.219608
0.619608
0.658824
0.619608
0.658824
0.615686
0.305882
0.294118
0.627451
0.658824
0.658824
0.658824
0.658824
0.658824
0.698039
0.698039
0.698039
0.698039
0.698039
0.698039
0.698039
0.737255
0.698039
0.698039
0.698039
0.698039
0.698039
0.737255
0.698039
0.698039
0.737255
0.686275
0.698039
0.698039
0.698039
0.698039
0.658824
0.658824
0.658824
0.658824
0.658824
0.658824
0.658824
0.658824
0.658824
0.619608
0.619608
0.619608
0.619608
0.619608
0.580392
0.580392
0.580392
0.580392
0.580392
0.580392
0.580392
0.580392
0.580392
0.580392
0.580392
0.580392
0.580392
0.580392
0.580392
0.619608
0.619608
0.619608
0.619608
0.600000
0.305882
0.305882
0.274510
0.682353
0.658824
0.658824
0.658824
0.658824
0.658824
0.698039
0.698039
0.698039
0.698039
0.698039
0.698039
0.737255
0.737255
0.737255
0.705882
0.698039
0.698039
0.737255
0.698039
0.698039
0.698039
0.698039
0.698039
0.698039
0.658824
0.698039
0.658824
0.658824
0.658824
0.658824
0.658824
0.658824
0.658824
0.619608
0.619608
0.619608
0.619608
0.619608
0.619608
0.619608
0.580392
0.580392
0.580392
0.580392
0.580392
0.580392
0.580392
0.580392
0.580392
0.580392
0.580392
0.580392
0.580392
0.580392
0.541176
0.619608
0.619608
0.619608
0.619608
0.619608
0.631373
0.305882
0.317647
0.674510
0.658824
0.658824
0.658824
0.658824
0.658824
0.698039
0.698039
0.698039
0.698039
0.698039
0.698039
0.698039
0.698039
0.698039
0.698039
0.698039
0.698039
0.698039
0.698039
0.698039
0.737255
0.698039
0.698039
0.698039
0.658824
0.674510
0.658824
0.658824
0.658824
0.658824
0.658824
0.647059
0.619608
0.619608
0.619608
0.619608
0.619608
0.619608
0.580392
0.619608
0.580392
0.580392
0.580392
0.580392
0.580392
0.580392
0.580392
0.580392
0.580392
0.580392
0.580392
0.580392
0.580392
0.541176
0.580392
0.619608
0.619608
0.619608
0.619608
0.619608
0.619608
0.305882
0.235294
0.517647
0.658824
0.658824
0.658824
0.658824
0.658824
0.698039
0.698039
0.698039
0.698039
0.698039
0.658824
0.698039
0.698039
0.698039
0.698039
0.698039
0.698039
0.698039
0.698039
0.698039
0.698039
0.698039
0.698039
0.694118
0.709804
0.658824
0.658824
0.658824
0.658824
0.658824
0.658824
0.647059
0.619608
0.619608
0.619608
0.619608
0.580392
0.580392
0.580392
0.580392
0.580392
0.580392
0.580392
0.580392
0.580392
0.541176
0.541176
0.549020
0.580392
0.580392
0.580392
0.541176
0.580392
0.541176
0.541176
0.619608
0.619608
0.619608
0.619608
0.619608
0.643137
0.305882
0.305882
0.325490
0.717647
0.658824
0.658824
0.658824
0.658824
0.658824
0.658824
0.698039
0.698039
0.698039
0.698039
0.698039
0.698039
0.698039
0.698039
0.698039
0.698039
0.698039
0.698039
0.698039
0.698039
0.698039
0.698039
0.690196
0.709804
0.643137
0.658824
0.658824
0.658824
0.658824
0.658824
0.647059
0.619608
0.619608
0.619608
0.619608
0.580392
0.580392
0.580392
0.580392
0.580392
0.580392
0.580392
0.580392
0.541176
0.541176
0.541176
0.541176
0.541176
0.580392
0.580392
0.580392
0.541176
0.541176
0.541176
0.619608
0.619608
0.619608
0.619608
0.619608
0.619608
0.505882
0.301961
0.301961
0.596078
0.619608
0.619608
0.658824
0.658824
0.658824
0.658824
0.658824
0.658824
0.658824
0.698039
0.690196
0.658824
0.698039
0.725490
0.658824
0.658824
0.658824
0.658824
0.658824
0.658824
0.658824
0.658824
0.658824
0.658824
0.658824
0.658824
0.658824
0.619608
0.619608
0.619608
0.619608
0.619608
0.619608
0.580392
0.580392
0.580392
0.580392
0.580392
0.580392
0.580392
0.541176
0.541176
0.541176
0.541176
0.541176
0.541176
0.541176
0.541176
0.580392
0.580392
0.541176
0.541176
0.541176
0.580392
0.611765
0.611765
0.611765
0.588235
0.611765
0.611765
0.682353
0.305882
0.301961
0.666667
0.588235
0.588235
0.627451
0.666667
0.627451
0.596078
0.666667
0.666667
0.666667
0.666667
0.666667
0.666667
0.627451
0.627451
0.627451
0.627451
0.647059
0.647059
0.666667
0.647059
0.647059
0.627451
0.627451
0.647059
0.607843
0.607843
0.607843
0.588235
0.549020
0.521569
0.588235
0.588235
0.549020
0.611765
0.552941
0.576471
0.576471
0.576471
0.576471
0.541176
0.541176
0.541176
0.541176
0.541176
0.541176
0.541176
0.541176
0.541176
0.541176
0.541176
0.541176
0.541176
0.541176
0.541176
