0.423529
0.423529
0.462745
0.462745
0.423529
0.447059
0.274510
0.423529
0.431373
0.462745
0.462745
0.462745
0.462745
0.462745
0.462745
0.462745
0.462745
0.462745
0.462745
0.462745
0.462745
0.462745
0.462745
0.490196
0.501961
0.501961
0.501961
0.501961
0.501961
0.501961
0.501961
0.501961
0.501961
0.501961
0.501961
0.501961
0.501961
0.501961
0.501961
0.501961
0.501961
0.501961
0.501961
0.501961
0.501961
0.501961
0.501961
0.501961
0.501961
0.501961
0.462745
0.431373
0.266667
0.356863
0.070588
0.070588
0.078431
0.086275
0.149020
0.243137
0.384314
0.439216
0.462745
0.501961
0.423529
0.423529
0.423529
0.423529
0.423529
0.423529
0.415686
0.278431
0.435294
0.462745
0.462745
0.462745
0.462745
0.462745
0.462745
0.462745
0.462745
0.462745
0.462745
0.462745
0.462745
0.462745
0.462745
0.490196
0.501961
0.501961
0.501961
0.501961
0.501961
0.501961
0.501961
0.501961
0.501961
0.501961
0.501961
0.501961
0.501961
0.501961
0.501961
0.474510
0.466667
0.466667
0.403922
0.286275
0.231373
0.160784
0.192157
0.149020
0.149020
0.149020
0.149020
0.133333
0.141176
0.266667
0.070588
0.070588
0.070588
0.070588
0.070588
0.109804
0.109804
0.109804
0.149020
0.156863
0.384314
0.423529
0.423529
0.423529
0.423529
0.423529
0.384314
0.384314
0.317647
0.431373
0.462745
0.462745
0.462745
0.462745
0.462745
0.462745
0.462745
0.462745
0.462745
0.462745
0.462745
0.462745
0.462745
0.462745
0.462745
0.462745
0.498039
0.478431
0.505882
0.482353
0.482353
0.439216
0.262745
0.188235
0.149020
0.149020
0.149020
0.149020
0.149020
0.149020
0.149020
0.149020
0.149020
0.149020
0.149020
0.149020
0.149020
0.149020
0.149020
0.149020
0.149020
0.074510
0.109804
0.109804
0.074510
0.043137
0.043137
0.070588
0.109804
0.109804
0.109804
0.109804
0.109804
0.149020
0.384314
0.384314
0.423529
0.423529
0.423529
0.423529
0.423529
0.396078
0.294118
0.384314
0.423529
0.423529
0.462745
0.462745
0.462745
0.462745
0.462745
0.462745
0.462745
0.392157
0.286275
0.184314
0.172549
0.207843
0.133333
0.196078
0.152941
0.149020
0.149020
0.149020
0.149020
0.149020
0.149020
0.149020
0.149020
0.149020
0.149020
0.149020
0.149020
0.149020
0.149020
0.149020
0.149020
0.149020
0.149020
0.149020
0.149020
0.149020
0.149020
0.188235
0.188235
0.188235
0.250980
0.223529
0.223529
0.223529
0.223529
0.223529
0.184314
0.184314
0.109804
0.109804
0.109804
0.109804
0.384314
0.384314
0.384314
0.384314
0.384314
0.376471
0.384314
0.376471
0.349020
0.196078
0.200000
0.137255
0.156863
0.149020
0.149020
0.149020
0.149020
0.149020
0.149020
0.149020
0.149020
0.149020
0.149020
0.149020
0.149020
0.149020
0.149020
0.149020
0.149020
0.149020
0.149020
0.149020
0.149020
0.149020
0.149020
0.149020
0.149020
0.149020
0.188235
0.188235
0.188235
0.184314
0.223529
0.223529
0.262745
0.262745
0.266667
0.266667
0.266667
0.305882
0.266667
0.305882
0.305882
0.266667
0.266667
0.266667
0.266667
0.266667
0.266667
0.266667
0.266667
0.266667
0.223529
0.176471
0.109804
0.109804
0.109804
0.109804
0.109804
0.109804
0.109804
0.109804
0.098039
0.070588
0.109804
0.109804
0.109804
0.109804
0.109804
0.109804
0.149020
0.109804
0.149020
0.149020
0.149020
0.149020
0.149020
0.149020
0.149020
0.149020
0.149020
0.149020
0.149020
0.149020
0.149020
0.188235
0.188235
0.227451
0.266667
0.266667
0.266667
0.266667
0.305882
0.305882
0.305882
0.305882
0.305882
0.305882
0.305882
0.305882
0.305882
0.305882
0.305882
0.305882
0.305882
0.305882
0.305882
0.305882
0.305882
0.305882
0.294118
0.266667
0.266667
0.266667
0.266667
0.266667
0.266667
0.266667
0.109804
0.109804
0.109804
0.109804
0.109804
0.109804
0.109804
0.109804
0.098039
0.070588
0.109804
0.109804
0.109804
0.109804
0.109804
0.109804
0.109804
0.149020
0.149020
0.149020
0.149020
0.149020
0.188235
0.211765
0.219608
0.219608
0.258824
0.298039
0.298039
0.266667
0.266667
0.266667
0.266667
0.266667
0.305882
0.305882
0.305882
0.305882
0.305882
0.305882
0.305882
0.305882
0.305882
0.305882
0.305882
0.305882
0.305882
0.305882
0.305882
0.305882
0.305882
0.305882
0.305882
0.305882
0.305882
0.305882
0.305882
0.305882
0.305882
0.305882
0.305882
0.305882
0.305882
0.305882
0.070588
0.070588
0.070588
0.070588
0.070588
0.109804
0.070588
0.070588
0.078431
0.109804
0.109804
0.149020
0.141176
0.180392
0.180392
0.219608
0.227451
0.266667
0.266667
0.266667
0.266667
0.266667
0.266667
0.266667
0.266667
0.266667
0.305882
0.305882
0.305882
0.305882
0.305882
0.305882
0.305882
0.305882
0.305882
0.305882
0.305882
0.305882
0.305882
0.305882
0.305882
0.305882
0.305882
0.305882
0.305882
0.305882
0.305882
0.305882
0.345098
0.345098
0.345098
0.305882
0.305882
0.305882
0.305882
0.333333
0.258824
0.286275
0.305882
0.305882
0.305882
0.305882
0.305882
0.305882
0.000000
0.027451
0.027451
0.105882
0.188235
0.227451
0.227451
0.227451
0.227451
0.227451
0.227451
0.227451
0.266667
0.266667
0.266667
0.266667
0.266667
0.266667
0.266667
0.266667
0.266667
0.266667
0.305882
0.305882
0.305882
0.305882
0.305882
0.305882
0.305882
0.305882
0.305882
0.305882
0.305882
0.305882
0.305882
0.305882
0.305882
0.345098
0.345098
0.345098
0.345098
0.345098
0.345098
0.345098
0.345098
0.345098
0.345098
0.345098
0.345098
0.345098
0.345098
0.345098
0.345098
0.345098
0.345098
0.345098
0.345098
0.345098
0.345098
0.345098
0.345098
0.345098
0.345098
0.345098
0.188235
0.188235
0.188235
0.227451
0.227451
0.227451
0.227451
0.227451
0.227451
0.227451
0.266667
0.266667
0.266667
0.266667
0.266667
0.266667
0.266667
0.266667
0.266667
0.305882
0.305882
0.305882
0.305882
0.305882
0.305882
0.305882
0.305882
0.305882
0.305882
0.305882
0.305882
0.305882
0.305882
0.345098
0.345098
0.345098
0.345098
0.345098
0.345098
0.345098
0.345098
0.345098
0.345098
0.345098
0.345098
0.345098
0.345098
0.345098
0.345098
0.345098
0.345098
0.345098
0.345098
0.345098
0.345098
0.345098
0.345098
0.345098
0.345098
0.345098
0.345098
0.345098
0.345098
0.384314
0.188235
0.227451
0.227451
0.227451
0.266667
0.266667
0.266667
0.266667
0.266667
0.266667
0.266667
0.266667
0.266667
0.266667
0.266667
0.305882
0.305882
0.305882
0.305882
0.305882
0.305882
0.305882
0.305882
0.305882
0.305882
0.305882
0.305882
0.305882
0.345098
0.345098
0.345098
0.345098
0.345098
0.345098
0.345098
0.345098
0.345098
0.345098
0.345098
0.345098
0.345098
0.345098
0.345098
0.345098
0.345098
0.345098
0.345098
0.345098
0.345098
0.345098
0.345098
0.345098
0.345098
0.345098
0.345098
0.345098
0.345098
0.345098
0.337255
0.360784
0.458824
0.490196
0.529412
0.580392
0.227451
0.227451
0.262745
0.266667
0.266667
0.266667
0.266667
0.266667
0.266667
0.266667
0.266667
0.301961
0.301961
0.305882
0.305882
0.305882
0.305882
0.305882
0.305882
0.305882
0.305882
0.305882
0.305882
0.305882
0.313726
0.341176
0.345098
0.345098
0.345098
0.345098
0.345098
0.345098
0.345098
0.345098
0.345098
0.345098
0.345098
0.345098
0.345098
0.345098
0.345098
0.345098
0.345098
0.345098
0.345098
0.345098
0.345098
0.345098
0.380392
0.384314
0.384314
0.341176
0.407843
0.498039
0.572549
0.572549
0.576471
0.568627
0.580392
0.576471
0.580392
0.580392
0.580392
0.580392
0.227451
0.266667
0.266667
0.266667
0.266667
0.266667
0.266667
0.294118
0.305882
0.305882
0.305882
0.305882
0.305882
0.305882
0.305882
0.305882
0.305882
0.305882
0.305882
0.305882
0.305882
0.305882
0.345098
0.345098
0.345098
0.345098
0.345098
0.345098
0.345098
0.345098
0.345098
0.345098
0.345098
0.345098
0.345098
0.345098
0.345098
0.345098
0.345098
0.345098
0.345098
0.345098
0.345098
0.345098
0.384314
0.396078
0.533333
0.592157
0.603922
0.580392
0.580392
0.580392
0.580392
0.580392
0.580392
0.580392
0.580392
0.580392
0.580392
0.580392
0.580392
0.580392
0.580392
0.580392
0.266667
0.266667
0.266667
0.266667
0.305882
0.305882
0.305882
0.305882
0.305882
0.305882
0.305882
0.305882
0.305882
0.305882
0.305882
0.305882
0.305882
0.345098
0.345098
0.345098
0.345098
0.345098
0.345098
0.345098
0.345098
0.345098
0.345098
0.345098
0.345098
0.345098
0.384314
0.384314
0.345098
0.345098
0.345098
0.384314
0.337255
0.349020
0.411765
0.521569
0.545098
0.580392
0.580392
0.580392
0.580392
0.580392
0.580392
0.580392
0.580392
0.580392
0.580392
0.580392
0.580392
0.580392
0.580392
0.607843
0.619608
0.619608
0.619608
0.619608
0.619608
0.619608
0.619608
0.619608
0.266667
0.290196
0.305882
0.305882
0.305882
0.305882
0.305882
0.305882
0.305882
0.305882
0.329412
0.329412
0.329412
0.345098
0.345098
0.345098
0.345098
0.345098
0.345098
0.345098
0.345098
0.345098
0.345098
0.345098
0.345098
0.345098
0.345098
0.368627
0.349020
0.356863
0.372549
0.427451
0.541176
0.580392
0.592157
0.568627
0.580392
0.580392
0.580392
0.580392
0.580392
0.580392
0.603922
0.580392
0.580392
0.580392
0.580392
0.603922
0.603922
0.603922
0.603922
0.603922
0.619608
0.619608
0.619608
0.619608
0.619608
0.619608
0.619608
0.619608
0.619608
0.619608
0.619608
0.619608
0.305882
0.305882
0.305882
0.305882
0.305882
0.305882
0.345098
0.345098
0.345098
0.345098
0.345098
0.345098
0.345098
0.345098
0.345098
0.345098
0.345098
0.345098
0.345098
0.345098
0.345098
0.345098
0.345098
0.345098
0.423529
0.498039
0.619608
0.584314
0.580392
0.580392
0.580392
0.580392
0.580392
0.580392
0.580392
0.580392
0.580392
0.580392
0.580392
0.580392
0.588235
0.619608
0.619608
0.580392
0.580392
0.580392
0.580392
0.619608
0.619608
0.619608
0.619608
0.619608
0.619608
0.619608
0.619608
0.619608
0.619608
0.619608
0.619608
0.619608
0.619608
0.619608
0.619608
0.619608
0.345098
0.345098
0.345098
0.345098
0.345098
0.345098
0.345098
0.345098
0.345098
0.345098
0.345098
0.345098
0.345098
0.345098
0.345098
0.317647
0.333333
0.427451
0.521569
0.580392
0.580392
0.580392
0.580392
0.580392
0.580392
0.580392
0.580392
0.580392
0.580392
0.619608
0.619608
0.619608
0.619608
0.619608
0.619608
0.580392
0.619608
0.580392
0.580392
0.580392
0.580392
0.580392
0.580392
0.580392
0.580392
0.580392
0.619608
0.619608
0.619608
0.619608
0.619608
0.619608
0.619608
0.619608
0.619608
0.619608
0.619608
0.619608
0.619608
0.619608
0.619608
0.619608
0.658824
0.658824
0.345098
0.345098
0.345098
0.345098
0.345098
0.329412
0.345098
0.321569
0.341176
0.368627
0.400000
0.537255
0.572549
0.592157
0.560784
0.580392
0.580392
0.580392
0.580392
0.580392
0.580392
0.580392
0.580392
0.580392
0.580392
0.580392
0.580392
0.580392
0.580392
0.619608
0.603922
0.603922
0.603922
0.603922
0.580392
0.580392
0.580392
0.580392
0.580392
0.580392
0.580392
0.580392
0.580392
0.580392
0.580392
0.596078
0.619608
0.619608
0.619608
0.619608
0.619608
0.619608
0.619608
0.619608
0.619608
0.619608
0.619608
0.619608
0.619608
0.635294
0.658824
0.658824
0.658824
0.658824
0.345098
0.364706
0.372549
0.490196
0.533333
0.588235
0.541176
0.568627
0.580392
0.580392
0.580392
0.580392
0.580392
0.580392
0.580392
0.580392
0.580392
0.580392
0.580392
0.580392
0.580392
0.580392
0.580392
0.580392
0.580392
0.580392
0.580392
0.580392
0.580392
0.580392
0.580392
0.580392
0.580392
0.580392
0.580392
0.580392
0.580392
0.580392
0.619608
0.619608
0.607843
0.580392
0.580392
0.619608
0.619608
0.619608
0.619608
0.619608
0.619608
0.619608
0.619608
0.619608
0.619608
0.619608
0.619608
0.619608
0.619608
0.619608
0.619608
0.658824
0.658824
0.658824
0.658824
0.658824
0.541176
0.580392
0.580392
0.580392
0.541176
0.541176
0.580392
0.580392
0.580392
0.580392
0.580392
0.580392
0.580392
0.580392
0.580392
0.580392
0.580392
0.580392
0.580392
0.580392
0.580392
0.580392
0.580392
0.580392
0.580392
0.580392
0.580392
0.580392
0.580392
0.580392
0.580392
0.580392
0.580392
0.580392
0.580392
0.580392
0.619608
0.619608
0.619608
0.619608
0.619608
0.619608
0.619608
0.619608
0.619608
0.619608
0.619608
0.619608
0.619608
0.619608
0.619608
0.619608
0.619608
0.619608
0.619608
0.647059
0.658824
0.658824
0.658824
0.658824
0.658824
0.658824
0.658824
0.658824
0.545098
0.545098
0.545098
0.545098
0.580392
0.580392
0.580392
0.580392
0.580392
0.580392
0.580392
0.580392
0.580392
0.580392
0.580392
0.580392
0.580392
0.580392
0.580392
0.580392
0.580392
0.580392
0.580392
0.580392
0.580392
0.580392
0.580392
0.580392
0.580392
0.580392
0.580392
0.580392
0.584314
0.584314
0.619608
0.619608
0.619608
0.619608
0.619608
0.619608
0.619608
0.619608
0.619608
0.619608
0.619608
0.619608
0.619608
0.619608
0.619608
0.619608
0.619608
0.623529
0.623529
0.658824
0.658824
0.658824
0.658824
0.658824
0.658824
0.658824
0.658824
0.658824
0.658824
0.658824
0.580392
0.580392
0.580392
0.580392
0.580392
0.580392
0.580392
0.580392
0.580392
0.580392
0.580392
0.580392
0.580392
0.580392
0.580392
0.580392
0.580392
0.580392
0.580392
0.580392
0.580392
0.580392
0.580392
0.580392
0.580392
0.580392
0.580392
0.580392
0.580392
0.580392
0.580392
0.580392
0.619608
0.619608
0.619608
0.619608
0.619608
0.619608
0.619608
0.619608
0.619608
0.619608
0.619608
0.619608
0.619608
0.619608
0.619608
0.619608
0.619608
0.658824
0.658824
0.658824
0.658824
0.658824
0.658824
0.658824
0.658824
0.658824
0.658824
0.658824
0.658824
0.658824
0.658824
0.658824
0.580392
0.580392
0.580392
0.580392
0.580392
0.580392
0.580392
0.580392
0.580392
0.580392
0.580392
0.580392
0.580392
0.580392
0.580392
0.580392
0.580392
0.619608
0.580392
0.580392
0.580392
0.580392
0.580392
0.607843
0.619608
0.619608
0.619608
0.619608
0.619608
0.619608
0.619608
0.619608
0.619608
0.619608
0.619608
0.619608
0.619608
0.619608
0.619608
0.619608
0.619608
0.619608
0.619608
0.619608
0.619608
0.619608
0.619608
0.619608
0.619608
0.658824
0.658824
0.658824
0.658824
0.658824
0.658824
0.658824
0.658824
0.658824
0.658824
0.658824
0.658824
0.658824
0.658824
0.658824
0.580392
0.580392
0.580392
0.580392
0.580392
0.580392
0.580392
0.580392
0.580392
0.580392
0.580392
0.580392
0.580392
0.580392
0.580392
0.619608
0.619608
0.619608
0.580392
0.580392
0.580392
0.580392
0.580392
0.607843
0.619608
0.619608
0.619608
0.619608
0.619608
0.619608
0.619608
0.619608
0.619608
0.619608
0.619608
0.619608
0.619608
0.619608
0.619608
0.619608
0.619608
0.619608
0.619608
0.619608
0.619608
0.619608
0.619608
0.619608
0.658824
0.658824
0.658824
0.658824
0.658824
0.658824
0.619608
0.560784
0.513726
0.431373
0.388235
0.345098
0.309804
0.349020
0.431373
0.545098
0.580392
0.580392
0.580392
0.580392
0.580392
0.580392
0.619608
0.588235
0.580392
0.580392
0.580392
0.619608
0.619608
0.619608
0.619608
0.619608
0.619608
0.619608
0.619608
0.580392
0.619608
0.619608
0.619608
0.619608
0.619608
0.619608
0.619608
0.619608
0.619608
0.619608
0.619608
0.619608
0.619608
0.619608
0.619608
0.619608
0.662745
0.494118
0.164706
0.211765
0.305882
0.600000
0.713726
0.662745
0.611765
0.674510
0.658824
0.658824
0.658824
0.658824
0.658824
0.658824
0.658824
0.658824
0.658824
0.658824
0.658824
0.658824
0.658824
0.658824
0.658824
0.658824
0.658824
0.658824
0.619608
0.619608
0.619608
0.619608
0.619608
0.619608
0.580392
0.580392
0.588235
0.619608
0.619608
0.580392
0.580392
0.580392
0.580392
0.619608
0.619608
0.619608
0.619608
0.619608
0.619608
0.619608
0.619608
0.619608
0.619608
0.619608
0.619608
0.619608
0.619608
0.600000
0.615686
0.431373
0.203922
0.188235
0.474510
0.619608
0.619608
0.658824
0.658824
0.658824
0.658824
0.658824
0.658824
0.658824
0.658824
0.658824
0.658824
0.658824
0.658824
0.658824
0.658824
0.658824
0.658824
0.658824
0.658824
0.658824
0.658824
0.658824
0.658824
0.658824
0.658824
0.658824
0.658824
0.698039
0.619608
0.619608
0.619608
0.619608
0.619608
0.619608
0.619608
0.619608
0.619608
0.619608
0.619608
0.619608
0.619608
0.619608
0.619608
0.619608
0.619608
0.619608
0.619608
0.619608
0.619608
0.619608
0.619608
0.619608
0.596078
0.270588
0.172549
0.203922
0.635294
0.631373
0.647059
0.654902
0.619608
0.619608
0.658824
0.658824
0.658824
0.658824
0.658824
0.658824
0.658824
0.658824
0.658824
0.658824
0.658824
0.658824
0.658824
0.658824
0.658824
0.658824
0.658824
0.658824
0.658824
0.658824
0.658824
0.658824
0.658824
0.658824
0.658824
0.658824
0.658824
0.658824
0.698039
0.698039
0.619608
0.619608
0.619608
0.619608
0.619608
0.619608
0.619608
0.619608
0.619608
0.619608
0.619608
0.619608
0.619608
0.619608
0.619608
0.619608
0.619608
0.619608
0.686275
0.290196
0.219608
0.282353
0.639216
0.623529
0.619608
0.619608
0.619608
0.619608
0.658824
0.658824
0.658824
0.658824
0.658824
0.658824
0.658824
0.658824
0.658824
0.658824
0.658824
0.658824
0.658824
0.658824
0.658824
0.658824
0.658824
0.658824
0.658824
0.658824
0.658824
0.698039
0.698039
0.698039
0.698039
0.698039
0.698039
0.698039
0.698039
0.698039
0.698039
0.698039
0.698039
0.698039
0.698039
0.698039
0.619608
0.619608
0.619608
0.619608
0.619608
0.619608
0.619608
0.619608
0.619608
0.619608
0.619608
0.619608
0.619608
0.623529
0.619608
0.321569
0.223529
0.556863
0.619608
0.619608
0.619608
0.658824
0.658824
0.627451
0.619608
0.619608
0.658824
0.658824
0.658824
0.658824
0.658824
0.658824
0.658824
0.658824
0.658824
0.658824
0.658824
0.658824
0.698039
0.666667
0.658824
0.658824
0.698039
0.698039
0.698039
0.698039
0.698039
0.698039
0.698039
0.698039
0.698039
0.698039
0.698039
0.698039
0.698039
0.698039
0.698039
0.698039
0.698039
0.698039
0.698039
0.698039
0.698039
0.698039
0.619608
0.619608
0.619608
0.619608
0.619608
0.619608
0.619608
0.619608
0.619608
0.619608
0.619608
0.439216
0.192157
0.686275
0.643137
0.619608
0.619608
0.619608
0.619608
0.619608
0.619608
0.658824
0.658824
0.658824
0.658824
0.658824
0.658824
0.658824
0.658824
0.658824
0.658824
0.658824
0.658824
0.658824
0.658824
0.658824
0.658824
0.658824
0.658824
0.658824
0.658824
0.658824
0.658824
0.698039
0.698039
0.698039
0.698039
0.698039
0.698039
0.698039
0.698039
0.698039
0.698039
0.698039
0.698039
0.698039
0.698039
0.698039
0.698039
0.698039
0.698039
0.698039
0.698039
0.698039
0.619608
0.619608
0.619608
0.619608
0.619608
0.619608
0.619608
0.619608
0.239216
0.411765
0.576471
0.619608
0.619608
0.619608
0.619608
0.619608
0.619608
0.619608
0.658824
0.658824
0.658824
0.658824
0.658824
0.658824
0.658824
0.658824
0.658824
0.658824
0.658824
0.658824
0.658824
0.658824
0.658824
0.658824
0.658824
0.658824
0.658824
0.658824
0.658824
0.686275
0.698039
0.698039
0.698039
0.698039
0.698039
0.698039
0.698039
0.698039
0.698039
0.698039
0.698039
0.698039
0.698039
0.698039
0.698039
0.698039
0.698039
0.698039
0.698039
0.698039
0.698039
0.698039
0.698039
0.698039
0.619608
0.619608
0.619608
0.600000
0.670588
0.227451
0.239216
0.627451
0.619608
0.619608
0.619608
0.619608
0.619608
0.619608
0.619608
0.658824
0.658824
0.658824
0.658824
0.658824
0.658824
0.658824
0.658824
0.658824
0.658824
0.658824
0.658824
0.658824
0.658824
0.658824
0.658824
0.658824
0.658824
0.658824
0.658824
0.658824
0.658824
0.698039
0.698039
0.698039
0.698039
0.698039
0.698039
0.698039
0.698039
0.698039
0.698039
0.698039
0.698039
0.698039
0.698039
0.698039
0.698039
0.698039
0.698039
0.698039
0.698039
0.698039
0.698039
0.698039
0.698039
0.698039
0.698039
0.698039
0.619608
0.619608
0.376471
0.192157
0.545098
0.639216
0.619608
0.619608
0.619608
0.619608
0.619608
0.619608
0.619608
0.619608
0.619608
0.658824
0.658824
0.658824
0.658824
0.658824
0.658824
0.658824
0.658824
0.658824
0.658824
0.658824
0.658824
0.658824
0.658824
0.658824
0.658824
0.658824
0.658824
0.658824
0.658824
0.698039
0.698039
0.698039
0.698039
0.698039
0.698039
0.698039
0.698039
0.698039
0.698039
0.698039
0.698039
0.698039
0.698039
0.698039
0.698039
0.698039
0.698039
0.698039
0.698039
0.698039
0.698039
0.698039
0.698039
0.698039
0.698039
0.698039
0.698039
0.698039
0.235294
0.207843
0.690196
0.619608
0.619608
0.619608
0.619608
0.619608
0.619608
0.619608
0.619608
0.619608
0.619608
0.619608
0.619608
0.658824
0.658824
0.658824
0.658824
0.658824
0.658824
0.658824
0.658824
0.658824
0.658824
0.658824
0.658824
0.658824
0.658824
0.658824
0.658824
0.658824
0.658824
0.658824
0.658824
0.658824
0.698039
0.698039
0.698039
0.698039
0.698039
0.698039
0.698039
0.698039
0.698039
0.698039
0.698039
0.698039
0.698039
0.698039
0.698039
0.698039
0.698039
0.698039
0.737255
0.705882
0.698039
0.698039
0.698039
0.698039
0.698039
0.698039
0.698039
0.698039
0.619608
0.619608
0.619608
0.619608
0.619608
0.619608
0.619608
0.619608
0.619608
0.619608
0.619608
0.658824
0.658824
0.658824
0.658824
0.658824
0.658824
0.658824
0.658824
0.658824
0.658824
0.658824
0.658824
0.658824
0.658824
0.658824
0.658824
0.658824
0.658824
0.658824
0.658824
0.658824
0.658824
0.698039
0.698039
0.698039
0.698039
0.698039
0.698039
0.698039
0.698039
0.698039
0.698039
0.698039
0.698039
0.698039
0.698039
0.698039
0.698039
0.698039
0.698039
0.698039
0.698039
0.698039
0.698039
0.698039
0.705882
0.737255
0.737255
0.698039
0.698039
0.698039
0.698039
0.737255
0.619608
0.619608
0.619608
0.619608
0.619608
0.619608
0.619608
0.619608
0.619608
0.619608
0.658824
0.658824
0.658824
0.658824
0.658824
0.658824
0.658824
0.658824
0.658824
0.658824
0.658824
0.658824
0.658824
0.658824
0.658824
0.658824
0.658824
0.658824
0.658824
0.658824
0.658824
0.658824
0.698039
0.698039
0.698039
0.698039
0.698039
0.698039
0.698039
0.698039
0.698039
0.698039
0.698039
0.698039
0.698039
0.698039
0.698039
0.698039
0.698039
0.698039
0.698039
0.698039
0.698039
0.698039
0.698039
0.698039
0.698039
0.698039
0.698039
0.698039
0.737255
0.737255
0.737255
0.737255
0.619608
0.619608
0.619608
0.619608
0.619608
0.619608
0.658824
0.658824
0.658824
0.658824
0.658824
0.658824
0.658824
0.658824
0.658824
0.658824
0.658824
0.658824
0.658824
0.658824
0.658824
0.658824
0.658824
0.658824
0.658824
0.658824
0.658824
0.658824
0.658824
0.698039
0.698039
0.698039
0.698039
0.698039
0.698039
0.698039
0.698039
0.698039
0.698039
0.698039
0.698039
0.698039
0.698039
0.698039
0.698039
0.698039
0.698039
0.698039
0.698039
0.698039
0.698039
0.698039
0.698039
0.698039
0.698039
0.698039
0.698039
0.698039
0.737255
0.737255
0.698039
0.698039
0.698039
0.698039
0.658824
0.658824
0.658824
0.658824
0.658824
0.658824
0.658824
0.658824
0.658824
0.658824
0.658824
0.658824
0.658824
0.658824
0.658824
0.658824
0.658824
0.658824
0.658824
0.658824
0.658824
0.658824
0.658824
0.658824
0.666667
0.698039
0.658824
0.658824
0.698039
0.658824
0.698039
0.698039
0.698039
0.698039
0.698039
0.698039
0.698039
0.698039
0.698039
0.698039
0.698039
0.698039
0.698039
0.698039
0.698039
0.698039
0.698039
0.698039
0.737255
0.698039
0.698039
0.698039
0.698039
0.698039
0.698039
0.698039
0.698039
0.698039
0.698039
0.737255
0.698039
0.737255
0.737255
0.737255
0.658824
0.619608
0.658824
0.658824
0.658824
0.658824
0.658824
0.658824
0.658824
0.658824
0.658824
0.658824
0.658824
0.658824
0.658824
0.658824
0.658824
0.658824
0.658824
0.658824
0.658824
0.658824
0.698039
0.698039
0.686275
0.658824
0.658824
0.658824
0.698039
0.698039
0.698039
0.698039
0.698039
0.698039
0.698039
0.698039
0.698039
0.698039
0.698039
0.698039
0.698039
0.698039
0.698039
0.698039
0.698039
0.698039
0.698039
0.698039
0.698039
0.698039
0.737255
0.698039
0.698039
0.698039
0.698039
0.698039
0.698039
0.698039
0.698039
0.698039
0.698039
0.737255
0.698039
0.698039
0.658824
0.658824
0.658824
0.658824
0.658824
0.658824
0.658824
0.658824
0.658824
0.658824
0.658824
0.658824
0.658824
0.658824
0.698039
0.658824
0.658824
0.658824
0.658824
0.698039
0.658824
0.658824
0.658824
0.658824
0.658824
0.658824
0.658824
0.698039
0.698039
0.698039
0.698039
0.698039
0.698039
0.698039
0.698039
0.698039
0.698039
0.698039
0.698039
0.698039
0.698039
0.698039
0.698039
0.698039
0.698039
0.698039
0.698039
0.698039
0.698039
0.698039
0.698039
0.698039
0.698039
0.737255
0.698039
0.698039
0.698039
0.698039
0.698039
0.698039
0.698039
0.698039
0.698039
0.698039
0.658824
0.658824
0.658824
0.658824
0.658824
0.658824
0.658824
0.658824
0.658824
0.658824
0.658824
0.658824
0.658824
0.658824
0.698039
0.698039
0.658824
0.698039
0.698039
0.698039
0.658824
0.658824
0.658824
0.658824
0.658824
0.658824
0.698039
0.698039
0.698039
0.698039
0.698039
0.698039
0.698039
0.698039
0.698039
0.698039
0.698039
0.698039
0.698039
0.698039
0.698039
0.698039
0.698039
0.698039
0.698039
0.698039
0.698039
0.698039
0.698039
0.698039
0.698039
0.698039
0.698039
0.698039
0.698039
0.698039
0.698039
0.698039
0.698039
0.698039
0.698039
0.698039
0.698039
0.698039
0.658824
0.658824
0.658824
0.658824
0.658824
0.658824
0.658824
0.658824
0.658824
0.658824
0.658824
0.658824
0.658824
0.658824
0.698039
0.658824
0.658824
0.658824
0.658824
0.658824
0.658824
0.658824
0.658824
0.658824
0.658824
0.658824
0.698039
0.658824
0.698039
0.698039
0.698039
0.698039
0.698039
0.698039
0.698039
0.698039
0.698039
0.698039
0.698039
0.698039
0.698039
0.698039
0.698039
0.698039
0.698039
0.698039
0.698039
0.698039
0.698039
0.698039
0.698039
0.698039
0.698039
0.698039
0.698039
0.698039
0.698039
0.698039
0.698039
0.698039
0.698039
0.698039
0.698039
0.698039
0.658824
0.658824
0.658824
0.658824
0.658824
0.658824
0.658824
0.658824
0.666667
0.698039
0.698039
0.658824
0.698039
0.698039
0.698039
0.698039
0.698039
0.658824
0.658824
0.658824
0.658824
0.658824
0.658824
0.658824
0.666667
0.698039
0.658824
0.658824
0.698039
0.698039
0.698039
0.698039
0.698039
0.698039
0.698039
0.698039
0.698039
0.698039
0.698039
0.698039
0.698039
0.698039
0.698039
0.698039
0.698039
0.698039
0.698039
0.698039
0.698039
0.698039
0.698039
0.698039
0.698039
0.698039
0.698039
0.698039
0.698039
0.698039
0.698039
0.698039
0.698039
0.698039
0.698039
0.698039
0.658824
0.658824
0.658824
0.658824
0.658824
0.658824
0.658824
0.686275
0.694118
0.698039
0.698039
0.698039
0.698039
0.698039
0.698039
0.698039
0.698039
0.694118
0.694118
0.658824
0.658824
0.658824
0.658824
0.686275
0.690196
0.662745
0.698039
0.694118
0.658824
0.698039
0.698039
0.698039
0.698039
0.698039
0.662745
0.698039
0.698039
0.698039
0.698039
0.670588
0.670588
0.698039
0.698039
0.698039
0.698039
0.662745
0.698039
0.698039
0.698039
0.698039
0.698039
0.698039
0.698039
0.698039
0.698039
0.698039
0.698039
0.698039
0.698039
0.698039
0.698039
0.698039
0.698039
0.698039
0.658824
0.698039
0.658824
0.698039
0.698039
0.698039
0.698039
0.698039
0.698039
0.698039
0.698039
0.698039
0.698039
0.698039
0.698039
0.698039
0.698039
0.698039
0.698039
0.658824
0.658824
0.658824
0.658824
0.686275
0.690196
0.670588
0.698039
0.658824
0.698039
0.658824
0.698039
0.698039
0.698039
0.658824
0.658824
0.658824
0.658824
0.658824
0.658824
0.658824
0.658824
0.658824
0.698039
0.698039
0.658824
0.658824
0.658824
0.698039
0.698039
0.698039
0.698039
0.698039
0.698039
0.698039
0.698039
0.698039
0.698039
0.698039
0.698039
0.698039
0.698039
0.698039
0.698039
0.698039
0.658824
0.658824
0.698039
0.698039
0.698039
0.698039
0.698039
0.698039
0.698039
0.698039
0.698039
0.698039
0.698039
0.698039
0.698039
0.698039
0.698039
0.698039
0.698039
0.698039
0.698039
0.698039
0.698039
0.698039
0.686275
0.658824
0.698039
0.658824
0.698039
0.698039
0.698039
0.698039
0.658824
0.658824
0.658824
0.658824
0.658824
0.658824
0.658824
0.658824
0.658824
0.658824
0.698039
0.658824
0.698039
0.698039
0.698039
0.698039
0.698039
0.698039
0.698039
0.698039
0.698039
0.698039
0.698039
0.698039
0.698039
0.698039
0.698039
0.698039
0.698039
0.698039
0.698039
0.698039
0.682353
0.698039
0.698039
0.698039
0.698039
0.698039
0.698039
0.698039
0.698039
0.698039
0.698039
0.698039
0.698039
0.698039
0.698039
0.698039
0.698039
0.698039
0.698039
0.698039
0.698039
0.698039
0.698039
0.698039
0.698039
0.698039
0.698039
0.698039
0.658824
0.698039
0.674510
0.674510
0.682353
0.682353
0.682353
0.658824
0.682353
0.658824
0.658824
0.678431
0.678431
0.658824
0.658824
0.698039
0.698039
0.698039
0.698039
0.698039
0.674510
0.698039
0.674510
0.682353
0.698039
0.698039
0.698039
0.698039
0.698039
0.698039
0.698039
0.698039
0.698039
0.674510
0.698039
0.674510
0.698039
0.698039
0.698039
0.698039
0.698039
0.698039
0.698039
0.698039
0.698039
0.698039
0.698039
0.698039
0.698039
0.698039
0.698039
0.698039
0.698039
0.698039
0.698039
0.698039
0.698039
0.698039
0.698039
0.698039
0.698039
0.698039
0.698039
0.698039
0.698039
0.658824
0.658824
0.698039
0.698039
0.698039
0.698039
0.658824
0.698039
0.698039
0.698039
0.666667
0.658824
0.658824
0.658824
0.698039
0.698039
0.698039
0.658824
0.698039
0.658824
0.698039
0.658824
0.698039
0.698039
0.698039
0.658824
0.686275
0.698039
0.698039
0.698039
0.698039
0.698039
0.698039
0.698039
0.658824
0.698039
0.698039
0.698039
0.698039
0.698039
0.698039
0.698039
0.698039
0.698039
0.698039
0.698039
0.698039
0.698039
0.698039
0.698039
0.698039
0.698039
0.698039
0.698039
0.698039
0.698039
0.698039
0.698039
0.698039
0.698039
0.698039
0.658824
0.698039
0.698039
0.698039
0.698039
0.698039
0.698039
0.698039
0.698039
0.698039
0.698039
0.658824
0.658824
0.686275
0.698039
0.698039
0.698039
0.698039
0.698039
0.698039
0.698039
0.698039
0.698039
0.698039
0.698039
0.698039
0.698039
0.698039
0.698039
0.698039
0.686275
0.658824
0.658824
0.698039
0.682353
0.623529
0.568627
0.639216
0.698039
0.698039
0.698039
0.698039
0.698039
0.698039
0.698039
0.698039
0.698039
0.698039
0.698039
0.698039
0.698039
0.698039
0.698039
0.698039
0.698039
0.698039
0.698039
0.674510
0.698039
0.698039
0.682353
0.694118
0.694118
0.682353
0.698039
0.698039
0.698039
0.698039
0.698039
0.698039
0.698039
0.698039
0.698039
0.698039
0.698039
0.698039
0.698039
0.698039
0.698039
0.698039
0.674510
0.698039
0.698039
0.698039
0.698039
0.698039
0.698039
0.698039
0.698039
0.698039
0.698039
0.698039
0.698039
0.698039
0.698039
0.705882
0.643137
0.572549
0.662745
0.694118
0.658824
0.658824
0.698039
0.698039
0.698039
0.698039
0.698039
0.698039
0.698039
0.698039
0.698039
0.698039
0.698039
0.698039
0.698039
0.698039
0.698039
0.698039
0.698039
0.698039
0.658824
0.698039
0.658824
0.658824
0.658824
0.658824
0.658824
0.658824
0.698039
0.698039
0.698039
0.698039
0.698039
0.698039
0.698039
0.698039
0.698039
0.698039
0.670588
0.698039
0.698039
0.698039
0.698039
0.698039
0.698039
0.698039
0.698039
0.698039
0.698039
0.698039
0.698039
0.698039
0.698039
0.698039
0.698039
0.698039
0.643137
0.639216
0.584314
0.639216
0.678431
0.658824
0.698039
0.698039
0.698039
0.698039
0.698039
0.698039
0.698039
0.698039
0.698039
0.658824
0.658824
0.658824
0.658824
0.658824
0.658824
0.658824
0.698039
0.698039
0.698039
0.698039
0.698039
0.698039
0.698039
0.698039
0.698039
0.698039
0.698039
0.698039
0.698039
0.698039
0.698039
0.698039
0.698039
0.698039
0.698039
0.698039
0.698039
0.698039
0.698039
0.698039
0.698039
0.698039
0.698039
0.698039
0.698039
0.698039
0.698039
0.698039
0.698039
0.698039
0.698039
0.698039
0.698039
0.698039
0.698039
0.705882
0.592157
0.600000
0.698039
0.698039
0.698039
0.698039
0.698039
0.698039
0.658824
0.658824
0.658824
0.658824
0.698039
0.698039
0.698039
0.698039
0.658824
0.658824
0.658824
0.658824
0.658824
0.662745
0.658824
0.662745
0.698039
0.698039
0.698039
0.698039
0.698039
0.698039
0.698039
0.698039
0.698039
0.698039
0.698039
0.698039
0.698039
0.698039
0.698039
0.698039
0.698039
0.698039
0.698039
0.698039
0.701961
0.698039
0.701961
0.701961
0.698039
0.698039
0.698039
0.701961
0.701961
0.698039
0.698039
0.698039
0.698039
0.698039
0.698039
0.698039
0.694118
0.635294
0.560784
0.643137
0.698039
0.698039
0.698039
0.698039
0.698039
0.698039
0.698039
0.698039
0.698039
0.698039
0.658824
0.658824
0.698039
0.698039
0.698039
0.658824
0.658824
0.658824
0.698039
0.698039
0.698039
0.698039
0.658824
0.698039
0.698039
0.698039
0.698039
0.698039
0.698039
0.698039
0.698039
0.698039
0.698039
0.698039
0.698039
0.698039
0.698039
0.698039
0.698039
0.698039
0.698039
0.698039
0.698039
0.698039
0.698039
0.698039
0.698039
0.698039
0.698039
0.698039
0.737255
0.705882
0.705882
0.737255
0.737255
0.737255
0.737255
0.698039
0.619608
0.584314
0.666667
0.698039
0.698039
0.698039
0.698039
0.698039
0.698039
0.698039
0.698039
0.698039
0.698039
0.698039
0.698039
0.698039
0.698039
0.698039
0.698039
0.698039
0.698039
0.698039
0.698039
0.698039
0.658824
0.658824
0.658824
0.658824
0.698039
0.698039
0.698039
0.698039
0.658824
0.698039
0.698039
0.698039
0.698039
0.698039
0.698039
0.698039
0.698039
0.698039
0.698039
0.698039
0.698039
0.698039
0.737255
0.737255
0.737255
0.737255
0.698039
0.698039
0.737255
0.737255
0.737255
0.737255
0.737255
0.737255
0.737255
0.737255
0.725490
0.658824
0.615686
0.670588
0.737255
0.737255
0.737255
0.737255
0.698039
0.698039
0.698039
0.698039
0.698039
0.717647
0.698039
0.698039
0.698039
0.698039
0.698039
0.698039
0.658824
0.666667
0.698039
0.698039
0.698039
0.698039
0.698039
0.698039
0.658824
0.658824
0.658824
0.658824
0.698039
0.698039
0.698039
0.658824
0.698039
0.698039
0.698039
0.698039
0.698039
0.698039
0.698039
0.698039
0.698039
0.698039
0.698039
0.698039
0.698039
0.698039
0.698039
0.737255
0.737255
0.737255
0.737255
0.737255
0.737255
0.737255
0.737255
0.737255
0.737255
0.737255
0.705882
0.541176
0.666667
0.725490
0.800000
0.737255
0.737255
0.737255
0.737255
0.737255
0.737255
0.737255
0.698039
0.698039
0.698039
0.698039
0.698039
0.698039
0.698039
0.698039
0.698039
0.317647
0.329412
0.266667
0.698039
0.698039
0.698039
0.698039
0.698039
0.658824
0.658824
0.658824
0.658824
0.658824
0.658824
0.698039
0.698039
0.698039
0.698039
0.698039
0.698039
0.698039
0.698039
0.698039
0.698039
0.698039
0.698039
0.725490
0.737255
0.737255
0.737255
0.737255
0.737255
0.737255
0.737255
0.737255
0.737255
0.737255
0.737255
0.737255
0.764706
0.670588
0.635294
0.682353
0.752941
0.776471
0.776471
0.776471
0.776471
0.776471
0.776471
0.776471
0.737255
0.737255
0.737255
0.737255
0.737255
0.737255
0.698039
0.698039
0.686275
0.654902
0.321569
0.305882
0.266667
0.231373
0.564706
0.666667
0.698039
0.698039
0.658824
0.658824
0.658824
0.698039
0.698039
0.698039
0.698039
0.698039
0.698039
0.698039
0.698039
0.698039
0.698039
0.698039
0.698039
0.698039
0.698039
0.698039
0.698039
0.737255
0.737255
0.737255
0.737255
0.737255
0.737255
0.737255
0.737255
0.737255
0.737255
0.737255
0.776471
0.780392
0.678431
0.643137
0.705882
0.776471
0.776471
0.776471
0.776471
0.776471
0.776471
0.776471
0.776471
0.776471
0.776471
0.776471
0.776471
0.776471
0.737255
0.737255
0.737255
0.686275
0.682353
0.325490
0.305882
0.305882
0.250980
0.643137
0.658824
0.658824
0.658824
0.658824
0.658824
0.658824
0.658824
0.658824
0.658824
0.658824
0.658824
0.658824
0.658824
0.658824
0.658824
0.658824
0.698039
0.698039
0.698039
0.698039
0.698039
0.698039
0.698039
0.698039
0.698039
0.737255
0.737255
0.737255
0.737255
0.737255
0.737255
0.737255
0.737255
0.737255
0.776471
0.737255
0.619608
0.682353
0.756863
0.776471
0.776471
0.776471
0.776471
0.776471
0.776471
0.776471
0.776471
0.776471
0.776471
0.776471
0.776471
0.776471
0.776471
0.776471
0.737255
0.737255
0.737255
0.325490
0.305882
0.266667
0.419608
0.662745
0.658824
0.658824
0.658824
0.658824
0.658824
0.658824
0.658824
0.698039
0.698039
0.698039
0.698039
0.698039
0.658824
0.686275
0.698039
0.698039
0.658824
0.658824
0.698039
0.698039
0.698039
0.698039
0.698039
0.698039
0.737255
0.737255
0.737255
0.737255
0.737255
0.737255
0.737255
0.737255
0.737255
0.737255
0.662745
0.611765
0.713726
0.745098
0.776471
0.776471
0.776471
0.815686
0.815686
0.815686
0.815686
0.815686
0.815686
0.815686
0.815686
0.815686
0.815686
0.776471
0.776471
0.776471
0.776471
0.776471
0.776471
0.729412
0.372549
0.345098
0.337255
0.686275
0.698039
0.698039
0.698039
0.658824
0.698039
0.658824
0.658824
0.658824
0.658824
0.658824
0.698039
0.698039
0.698039
0.698039
0.658824
0.686275
0.698039
0.698039
0.698039
0.658824
0.698039
0.698039
0.698039
0.698039
0.698039
0.698039
0.737255
0.737255
0.737255
0.737255
0.737255
0.760784
0.760784
0.733333
0.584314
0.701961
0.776471
0.776471
0.815686
0.815686
0.815686
0.815686
0.815686
0.815686
0.815686
0.815686
0.815686
0.815686
0.815686
0.815686
0.815686
0.815686
0.815686
0.815686
0.776471
0.776471
0.776471
0.737255
0.678431
0.384314
0.337255
0.431373
0.698039
0.698039
0.698039
0.698039
0.698039
0.658824
0.658824
0.658824
0.658824
0.658824
0.658824
0.698039
0.698039
0.698039
0.698039
0.698039
0.698039
0.698039
0.698039
0.698039
0.698039
0.698039
0.698039
0.698039
0.698039
0.698039
0.698039
0.737255
0.737255
0.737255
0.737255
0.737255
0.698039
0.631373
0.729412
0.768627
0.772549
0.776471
0.776471
0.776471
0.815686
0.815686
0.815686
0.815686
0.815686
0.815686
0.815686
0.815686
0.815686
0.815686
0.815686
0.815686
0.815686
0.815686
0.815686
0.776471
0.776471
0.776471
0.776471
0.529412
0.423529
0.384314
0.635294
0.737255
0.737255
0.705882
0.698039
0.698039
0.698039
0.698039
0.658824
0.658824
0.658824
0.658824
0.658824
0.658824
0.658824
0.658824
0.658824
0.698039
0.698039
0.698039
0.698039
0.698039
0.698039
0.698039
0.698039
0.698039
0.698039
0.698039
0.698039
0.737255
0.698039
0.658824
0.631373
0.666667
0.737255
0.764706
0.776471
0.776471
0.776471
0.776471
0.776471
0.815686
0.815686
0.815686
0.815686
0.815686
0.815686
0.815686
0.815686
0.854902
0.854902
0.823529
0.815686
0.815686
0.815686
0.815686
0.815686
0.815686
0.776471
0.803922
0.478431
0.462745
0.407843
0.760784
0.737255
0.737255
0.737255
0.737255
0.725490
0.698039
0.698039
0.658824
0.658824
0.658824
0.658824
0.658824
0.658824
0.658824
0.658824
0.658824
0.658824
0.658824
0.658824
0.658824
0.658824
0.658824
0.658824
0.698039
0.698039
0.698039
0.698039
0.690196
0.623529
0.611765
0.737255
0.737255
0.737255
0.737255
0.776471
0.776471
0.776471
0.776471
0.776471
0.776471
0.815686
0.815686
0.815686
0.815686
0.815686
0.815686
0.815686
0.815686
0.815686
0.854902
0.815686
0.815686
0.815686
0.815686
0.815686
0.815686
0.815686
0.815686
0.792157
0.576471
0.541176
0.466667
0.776471
0.737255
0.737255
0.737255
0.737255
0.737255
0.725490
0.698039
0.698039
0.658824
0.658824
0.658824
0.658824
0.658824
