0.313726
0.313726
0.329412
0.321569
0.313726
0.313726
0.321569
0.333333
0.333333
0.313726
0.301961
0.325490
0.325490
0.313726
0.337255
0.337255
0.337255
0.333333
0.341176
0.333333
0.341176
0.317647
0.345098
0.341176
0.341176
0.337255
0.337255
0.352941
0.333333
0.341176
0.352941
0.345098
0.356863
0.360784
0.364706
0.376471
0.349020
0.388235
0.384314
0.364706
0.368627
0.376471
0.364706
0.376471
0.384314
0.392157
0.400000
0.415686
0.415686
0.419608
0.388235
0.380392
0.388235
0.427451
0.415686
0.403922
0.396078
0.368627
0.380392
0.388235
0.384314
0.345098
0.356863
0.360784
0.317647
0.309804
0.309804
0.317647
0.329412
0.305882
0.317647
0.321569
0.333333
0.321569
0.325490
0.305882
0.309804
0.333333
0.345098
0.345098
0.329412
0.333333
0.337255
0.329412
0.321569
0.337255
0.333333
0.337255
0.345098
0.341176
0.341176
0.341176
0.317647
0.337255
0.345098
0.349020
0.341176
0.364706
0.368627
0.368627
0.380392
0.384314
0.364706
0.352941
0.360784
0.364706
0.376471
0.356863
0.388235
0.388235
0.396078
0.407843
0.435294
0.419608
0.364706
0.372549
0.423529
0.392157
0.415686
0.396078
0.376471
0.388235
0.352941
0.392157
0.392157
0.384314
0.356863
0.356863
0.313726
0.301961
0.325490
0.305882
0.317647
0.333333
0.325490
0.329412
0.325490
0.325490
0.333333
0.329412
0.313726
0.341176
0.349020
0.337255
0.349020
0.333333
0.341176
0.333333
0.333333
0.337255
0.337255
0.313726
0.341176
0.349020
0.349020
0.337255
0.345098
0.341176
0.349020
0.349020
0.360784
0.352941
0.364706
0.337255
0.380392
0.372549
0.349020
0.356863
0.360784
0.360784
0.349020
0.360784
0.376471
0.392157
0.396078
0.403922
0.407843
0.372549
0.352941
0.427451
0.411765
0.403922
0.392157
0.392157
0.372549
0.352941
0.388235
0.392157
0.384314
0.372549
0.372549
0.349020
0.309804
0.317647
0.301961
0.321569
0.317647
0.321569
0.325490
0.325490
0.329412
0.325490
0.317647
0.317647
0.321569
0.313726
0.345098
0.341176
0.337255
0.333333
0.341176
0.317647
0.341176
0.337255
0.341176
0.345098
0.313726
0.341176
0.341176
0.325490
0.349020
0.349020
0.349020
0.345098
0.349020
0.360784
0.341176
0.368627
0.376471
0.352941
0.345098
0.356863
0.349020
0.356863
0.352941
0.364706
0.372549
0.364706
0.400000
0.403922
0.400000
0.356863
0.396078
0.388235
0.392157
0.380392
0.380392
0.352941
0.380392
0.388235
0.384314
0.384314
0.376471
0.376471
0.372549
0.337255
0.313726
0.329412
0.321569
0.313726
0.309804
0.321569
0.329412
0.329412
0.325490
0.325490
0.329412
0.329412
0.333333
0.333333
0.325490
0.337255
0.333333
0.329412
0.321569
0.321569
0.337255
0.333333
0.329412
0.345098
0.341176
0.325490
0.337255
0.349020
0.349020
0.356863
0.356863
0.352941
0.352941
0.356863
0.345098
0.352941
0.352941
0.337255
0.345098
0.352941
0.356863
0.341176
0.356863
0.364706
0.380392
0.380392
0.360784
0.403922
0.352941
0.352941
0.415686
0.396078
0.388235
0.384314
0.364706
0.349020
0.356863
0.392157
0.372549
0.372549
0.384314
0.388235
0.352941
0.360784
0.329412
0.313726
0.317647
0.321569
0.309804
0.309804
0.317647
0.337255
0.317647
0.329412
0.309804
0.313726
0.337255
0.337255
0.341176
0.317647
0.333333
0.337255
0.309804
0.337255
0.325490
0.333333
0.333333
0.329412
0.341176
0.341176
0.313726
0.341176
0.345098
0.352941
0.352941
0.352941
0.356863
0.349020
0.364706
0.356863
0.341176
0.341176
0.341176
0.349020
0.345098
0.345098
0.360784
0.368627
0.372549
0.380392
0.384314
0.345098
0.352941
0.419608
0.388235
0.396078
0.384314
0.380392
0.356863
0.341176
0.360784
0.392157
0.384314
0.372549
0.384314
0.384314
0.345098
0.376471
0.321569
0.321569
0.317647
0.329412
0.325490
0.313726
0.321569
0.317647
0.333333
0.333333
0.333333
0.341176
0.341176
0.333333
0.333333
0.337255
0.313726
0.321569
0.325490
0.337255
0.337255
0.329412
0.333333
0.341176
0.337255
0.333333
0.333333
0.333333
0.345098
0.345098
0.345098
0.356863
0.356863
0.341176
0.356863
0.356863
0.349020
0.341176
0.341176
0.356863
0.329412
0.352941
0.360784
0.372549
0.368627
0.380392
0.388235
0.345098
0.360784
0.396078
0.388235
0.388235
0.392157
0.345098
0.372549
0.376471
0.384314
0.368627
0.372549
0.376471
0.388235
0.337255
0.368627
0.376471
0.321569
0.321569
0.325490
0.321569
0.325490
0.325490
0.321569
0.321569
0.325490
0.325490
0.325490
0.352941
0.349020
0.333333
0.333333
0.333333
0.337255
0.321569
0.321569
0.337255
0.325490
0.329412
0.345098
0.337255
0.337255
0.325490
0.341176
0.341176
0.333333
0.349020
0.349020
0.345098
0.345098
0.352941
0.356863
0.337255
0.337255
0.341176
0.345098
0.345098
0.345098
0.349020
0.352941
0.360784
0.376471
0.376471
0.337255
0.337255
0.403922
0.400000
0.396078
0.384314
0.368627
0.360784
0.337255
0.384314
0.372549
0.380392
0.376471
0.380392
0.349020
0.384314
0.368627
0.380392
0.321569
0.325490
0.325490
0.313726
0.325490
0.325490
0.325490
0.321569
0.313726
0.325490
0.349020
0.345098
0.345098
0.325490
0.337255
0.329412
0.341176
0.333333
0.321569
0.321569
0.329412
0.329412
0.341176
0.341176
0.325490
0.333333
0.337255
0.337255
0.341176
0.329412
0.345098
0.356863
0.349020
0.356863
0.349020
0.337255
0.337255
0.337255
0.341176
0.341176
0.341176
0.352941
0.360784
0.356863
0.376471
0.364706
0.333333
0.384314
0.392157
0.380392
0.392157
0.384314
0.349020
0.341176
0.388235
0.364706
0.356863
0.360784
0.352941
0.380392
0.352941
0.384314
0.376471
0.376471
0.317647
0.321569
0.325490
0.337255
0.329412
0.321569
0.329412
0.337255
0.309804
0.305882
0.345098
0.345098
0.333333
0.317647
0.337255
0.333333
0.313726
0.341176
0.337255
0.337255
0.325490
0.333333
0.337255
0.337255
0.337255
0.337255
0.345098
0.337255
0.345098
0.337255
0.329412
0.325490
0.352941
0.360784
0.333333
0.337255
0.337255
0.341176
0.333333
0.341176
0.345098
0.352941
0.364706
0.368627
0.360784
0.325490
0.341176
0.396078
0.392157
0.384314
0.360784
0.341176
0.356863
0.372549
0.384314
0.380392
0.376471
0.364706
0.388235
0.329412
0.388235
0.376471
0.380392
0.360784
0.333333
0.325490
0.325490
0.325490
0.329412
0.329412
0.337255
0.329412
0.329412
0.333333
0.317647
0.349020
0.329412
0.317647
0.329412
0.337255
0.333333
0.337255
0.333333
0.329412
0.325490
0.333333
0.337255
0.333333
0.329412
0.337255
0.345098
0.345098
0.349020
0.341176
0.345098
0.337255
0.345098
0.337255
0.333333
0.337255
0.337255
0.341176
0.337255
0.341176
0.352941
0.352941
0.356863
0.372549
0.333333
0.325490
0.388235
0.384314
0.388235
0.392157
0.380392
0.349020
0.337255
0.388235
0.380392
0.380392
0.364706
0.368627
0.341176
0.384314
0.352941
0.388235
0.356863
0.368627
0.305882
0.321569
0.333333
0.329412
0.333333
0.333333
0.333333
0.333333
0.321569
0.345098
0.337255
0.325490
0.341176
0.333333
0.341176
0.317647
0.333333
0.329412
0.329412
0.329412
0.325490
0.337255
0.317647
0.337255
0.329412
0.329412
0.341176
0.337255
0.341176
0.341176
0.317647
0.345098
0.345098
0.329412
0.329412
0.333333
0.341176
0.325490
0.349020
0.333333
0.349020
0.356863
0.360784
0.368627
0.333333
0.356863
0.380392
0.384314
0.392157
0.392157
0.337255
0.341176
0.372549
0.380392
0.388235
0.380392
0.364706
0.364706
0.341176
0.360784
0.376471
0.364706
0.380392
0.380392
0.329412
0.309804
0.317647
0.329412
0.325490
0.329412
0.333333
0.337255
0.337255
0.345098
0.345098
0.333333
0.321569
0.329412
0.337255
0.333333
0.337255
0.337255
0.329412
0.329412
0.337255
0.333333
0.317647
0.317647
0.329412
0.333333
0.325490
0.337255
0.341176
0.341176
0.352941
0.356863
0.333333
0.333333
0.333333
0.337255
0.345098
0.337255
0.341176
0.341176
0.349020
0.352941
0.352941
0.360784
0.313726
0.384314
0.380392
0.376471
0.376471
0.341176
0.360784
0.356863
0.388235
0.380392
0.376471
0.376471
0.388235
0.329412
0.372549
0.364706
0.364706
0.364706
0.384314
0.317647
0.313726
0.329412
0.313726
0.317647
0.337255
0.333333
0.329412
0.325490
0.360784
0.349020
0.337255
0.341176
0.341176
0.333333
0.325490
0.337255
0.337255
0.329412
0.333333
0.337255
0.325490
0.329412
0.333333
0.337255
0.329412
0.337255
0.321569
0.341176
0.341176
0.321569
0.341176
0.341176
0.329412
0.337255
0.333333
0.333333
0.321569
0.337255
0.341176
0.352941
0.356863
0.352941
0.341176
0.317647
0.368627
0.364706
0.380392
0.380392
0.380392
0.341176
0.329412
0.372549
0.384314
0.356863
0.356863
0.372549
0.337255
0.380392
0.356863
0.360784
0.356863
0.380392
0.333333
0.368627
0.321569
0.333333
0.337255
0.325490
0.313726
0.333333
0.321569
0.337255
0.360784
0.345098
0.325490
0.345098
0.337255
0.321569
0.329412
0.321569
0.341176
0.325490
0.341176
0.333333
0.329412
0.309804
0.325490
0.333333
0.337255
0.321569
0.337255
0.337255
0.333333
0.341176
0.345098
0.325490
0.333333
0.329412
0.321569
0.313726
0.341176
0.337255
0.349020
0.352941
0.349020
0.356863
0.313726
0.333333
0.360784
0.368627
0.360784
0.384314
0.325490
0.341176
0.384314
0.376471
0.372549
0.364706
0.360784
0.360784
0.352941
0.384314
0.392157
0.360784
0.364706
0.364706
0.333333
0.345098
0.305882
0.325490
0.333333
0.329412
0.337255
0.309804
0.329412
0.352941
0.356863
0.333333
0.337255
0.341176
0.345098
0.321569
0.345098
0.337255
0.313726
0.337255
0.337255
0.333333
0.333333
0.329412
0.333333
0.333333
0.333333
0.333333
0.317647
0.325490
0.325490
0.337255
0.337255
0.329412
0.329412
0.333333
0.321569
0.329412
0.333333
0.341176
0.349020
0.345098
0.356863
0.317647
0.309804
0.368627
0.360784
0.356863
0.368627
0.341176
0.352941
0.345098
0.360784
0.372549
0.360784
0.356863
0.372549
0.325490
0.384314
0.376471
0.360784
0.360784
0.384314
0.321569
0.360784
0.360784
0.309804
0.333333
0.317647
0.329412
0.337255
0.325490
0.317647
0.345098
0.352941
0.337255
0.341176
0.345098
0.345098
0.345098
0.345098
0.341176
0.333333
0.313726
0.333333
0.333333
0.313726
0.345098
0.321569
0.333333
0.333333
0.337255
0.337255
0.313726
0.341176
0.341176
0.329412
0.333333
0.325490
0.333333
0.305882
0.329412
0.337255
0.333333
0.349020
0.356863
0.356863
0.317647
0.352941
0.356863
0.380392
0.364706
0.349020
0.333333
0.325490
0.376471
0.372549
0.360784
0.368627
0.360784
0.329412
0.376471
0.345098
0.380392
0.380392
0.376471
0.333333
0.356863
0.356863
0.372549
0.329412
0.329412
0.325490
0.341176
0.313726
0.325490
0.352941
0.325490
0.313726
0.337255
0.341176
0.345098
0.325490
0.337255
0.341176
0.341176
0.337255
0.341176
0.325490
0.337255
0.337255
0.333333
0.337255
0.341176
0.333333
0.333333
0.337255
0.337255
0.329412
0.329412
0.329412
0.337255
0.329412
0.325490
0.337255
0.321569
0.341176
0.341176
0.333333
0.352941
0.309804
0.309804
0.368627
0.364706
0.352941
0.368627
0.329412
0.329412
0.356863
0.380392
0.368627
0.368627
0.360784
0.368627
0.356863
0.360784
0.352941
0.356863
0.360784
0.364706
0.333333
0.352941
0.364706
0.349020
0.329412
0.329412
0.333333
0.325490
0.325490
0.341176
0.341176
0.356863
0.341176
0.317647
0.341176
0.345098
0.345098
0.345098
0.341176
0.341176
0.333333
0.341176
0.333333
0.317647
0.345098
0.349020
0.345098
0.333333
0.333333
0.345098
0.313726
0.337255
0.341176
0.329412
0.333333
0.341176
0.329412
0.309804
0.329412
0.337255
0.345098
0.341176
0.352941
0.317647
0.305882
0.360784
0.349020
0.364706
0.356863
0.329412
0.341176
0.345098
0.349020
0.349020
0.372549
0.376471
0.384314
0.325490
0.364706
0.356863
0.368627
0.364706
0.360784
0.321569
0.352941
0.360784
0.352941
0.356863
0.333333
0.333333
0.333333
0.333333
0.329412
0.360784
0.356863
0.341176
0.341176
0.345098
0.321569
0.333333
0.337255
0.337255
0.341176
0.341176
0.333333
0.341176
0.341176
0.329412
0.329412
0.341176
0.341176
0.337255
0.349020
0.329412
0.337255
0.337255
0.329412
0.325490
0.329412
0.329412
0.325490
0.337255
0.337255
0.337255
0.349020
0.356863
0.345098
0.309804
0.325490
0.364706
0.372549
0.368627
0.349020
0.333333
0.313726
0.356863
0.364706
0.345098
0.341176
0.368627
0.325490
0.360784
0.360784
0.356863
0.364706
0.364706
0.317647
0.360784
0.349020
0.364706
0.356863
0.352941
0.325490
0.329412
0.341176
0.333333
0.352941
0.352941
0.360784
0.341176
0.325490
0.337255
0.349020
0.333333
0.345098
0.345098
0.341176
0.345098
0.345098
0.341176
0.325490
0.341176
0.333333
0.329412
0.333333
0.352941
0.341176
0.313726
0.341176
0.333333
0.329412
0.333333
0.329412
0.329412
0.325490
0.337255
0.341176
0.341176
0.352941
0.356863
0.301961
0.305882
0.364706
0.333333
0.368627
0.337255
0.325490
0.337255
0.356863
0.364706
0.372549
0.360784
0.345098
0.341176
0.360784
0.368627
0.376471
0.364706
0.364706
0.349020
0.352941
0.352941
0.372549
0.352941
0.349020
0.317647
0.321569
0.321569
0.321569
0.337255
0.364706
0.372549
0.345098
0.345098
0.345098
0.345098
0.337255
0.341176
0.341176
0.333333
0.341176
0.337255
0.341176
0.341176
0.345098
0.333333
0.337255
0.337255
0.345098
0.321569
0.341176
0.341176
0.341176
0.329412
0.325490
0.333333
0.333333
0.309804
0.325490
0.333333
0.345098
0.345098
0.352941
0.337255
0.313726
0.356863
0.372549
0.360784
0.337255
0.321569
0.337255
0.329412
0.372549
0.360784
0.356863
0.356863
0.360784
0.352941
0.345098
0.364706
0.380392
0.364706
0.360784
0.325490
0.360784
0.356863
0.360784
0.356863
0.341176
0.341176
0.337255
0.329412
0.329412
0.333333
0.364706
0.356863
0.341176
0.345098
0.341176
0.337255
0.360784
0.349020
0.349020
0.345098
0.337255
0.341176
0.345098
0.333333
0.341176
0.345098
0.345098
0.341176
0.341176
0.337255
0.333333
0.345098
0.337255
0.337255
0.329412
0.333333
0.333333
0.317647
0.329412
0.333333
0.333333
0.360784
0.356863
0.305882
0.313726
0.368627
0.360784
0.364706
0.349020
0.317647
0.309804
0.364706
0.372549
0.364706
0.352941
0.352941
0.321569
0.356863
0.352941
0.349020
0.364706
0.360784
0.321569
0.360784
0.356863
0.356863
0.356863
0.349020
0.321569
0.349020
0.333333
0.341176
0.341176
0.325490
0.333333
0.341176
0.352941
0.345098
0.356863
0.341176
0.341176
0.349020
0.356863
0.352941
0.345098
0.333333
0.352941
0.345098
0.345098
0.345098
0.341176
0.341176
0.349020
0.337255
0.345098
0.337255
0.333333
0.341176
0.333333
0.333333
0.313726
0.333333
0.341176
0.329412
0.349020
0.329412
0.309804
0.305882
0.360784
0.356863
0.360784
0.364706
0.317647
0.333333
0.337255
0.372549
0.372549
0.364706
0.368627
0.356863
0.352941
0.360784
0.372549
0.360784
0.364706
0.341176
0.360784
0.364706
0.356863
0.356863
0.349020
0.305882
0.341176
0.360784
0.345098
0.341176
0.352941
0.360784
0.337255
0.337255
0.341176
0.352941
0.345098
0.356863
0.364706
0.341176
0.349020
0.352941
0.360784
0.349020
0.341176
0.349020
0.345098
0.341176
0.341176
0.352941
0.349020
0.333333
0.352941
0.333333
0.333333
0.341176
0.341176
0.337255
0.337255
0.337255
0.337255
0.341176
0.352941
0.349020
0.313726
0.341176
0.360784
0.360784
0.364706
0.321569
0.341176
0.317647
0.368627
0.341176
0.360784
0.364706
0.356863
0.329412
0.360784
0.360784
0.360784
0.356863
0.352941
0.333333
0.364706
0.356863
0.356863
0.356863
0.333333
0.349020
0.360784
0.349020
0.356863
0.341176
0.364706
0.368627
0.352941
0.341176
0.345098
0.349020
0.360784
0.364706
0.360784
0.360784
0.345098
0.356863
0.356863
0.352941
0.356863
0.352941
0.341176
0.345098
0.356863
0.349020
0.333333
0.345098
0.349020
0.341176
0.341176
0.337255
0.337255
0.321569
0.337255
0.341176
0.345098
0.349020
0.352941
0.301961
0.301961
0.329412
0.360784
0.352941
0.356863
0.329412
0.337255
0.364706
0.364706
0.360784
0.345098
0.368627
0.321569
0.368627
0.372549
0.364706
0.356863
0.356863
0.313726
0.356863
0.360784
0.356863
0.364706
0.360784
0.329412
0.360784
0.360784
0.356863
0.360784
0.356863
0.376471
0.376471
0.352941
0.352941
0.364706
0.345098
0.356863
0.352941
0.364706
0.376471
0.364706
0.360784
0.360784
0.360784
0.356863
0.356863
0.356863
0.352941
0.352941
0.349020
0.345098
0.349020
0.345098
0.337255
0.341176
0.341176
0.305882
0.329412
0.337255
0.345098
0.352941
0.352941
0.329412
0.309804
0.364706
0.356863
0.325490
0.352941
0.333333
0.345098
0.364706
0.380392
0.364706
0.360784
0.360784
0.333333
0.349020
0.360784
0.360784
0.352941
0.368627
0.325490
0.352941
0.349020
0.321569
0.364706
0.352941
0.325490
0.356863
0.360784
0.352941
0.356863
0.352941
0.376471
0.380392
0.376471
0.360784
0.368627
0.380392
0.380392
0.352941
0.356863
0.360784
0.384314
0.376471
0.364706
0.356863
0.368627
0.372549
0.368627
0.364706
0.356863
0.349020
0.345098
0.349020
0.352941
0.341176
0.345098
0.345098
0.349020
0.333333
0.333333
0.337255
0.349020
0.356863
0.356863
0.305882
0.325490
0.341176
0.352941
0.352941
0.341176
0.345098
0.329412
0.384314
0.376471
0.364706
0.360784
0.360784
0.321569
0.337255
0.360784
0.368627
0.360784
0.360784
0.349020
0.356863
0.352941
0.349020
0.360784
0.313726
0.352941
0.356863
0.352941
0.360784
0.349020
0.356863
0.376471
0.384314
0.372549
0.372549
0.384314
0.360784
0.380392
0.392157
0.380392
0.352941
0.376471
0.388235
0.380392
0.384314
0.388235
0.368627
0.368627
0.368627
0.368627
0.368627
0.356863
0.356863
0.352941
0.341176
0.345098
0.345098
0.321569
0.349020
0.345098
0.345098
0.337255
0.360784
0.313726
0.301961
0.349020
0.352941
0.345098
0.356863
0.333333
0.341176
0.372549
0.368627
0.368627
0.376471
0.364706
0.321569
0.368627
0.360784
0.349020
0.364706
0.364706
0.317647
0.360784
0.356863
0.349020
0.349020
0.333333
0.349020
0.333333
0.341176
0.356863
0.360784
0.321569
0.349020
0.349020
0.372549
0.384314
0.372549
0.384314
0.380392
0.388235
0.392157
0.392157
0.396078
0.364706
0.384314
0.384314
0.396078
0.388235
0.384314
0.372549
0.376471
0.352941
0.360784
0.360784
0.349020
0.345098
0.345098
0.349020
0.345098
0.345098
0.345098
0.341176
0.349020
0.360784
0.325490
0.309804
0.349020
0.352941
0.349020
0.352941
0.329412
0.360784
0.364706
0.341176
0.372549
0.376471
0.360784
0.360784
0.349020
0.360784
0.360784
0.352941
0.337255
0.313726
0.376471
0.352941
0.345098
0.341176
0.349020
0.329412
0.337255
0.341176
0.345098
0.352941
0.321569
0.337255
0.372549
0.356863
0.356863
0.384314
0.384314
0.384314
0.400000
0.400000
0.407843
0.411765
0.407843
0.411765
0.388235
0.400000
0.403922
0.400000
0.396078
0.396078
0.384314
0.368627
0.372549
0.364706
0.364706
0.352941
0.341176
0.345098
0.333333
0.345098
0.345098
0.352941
0.352941
0.360784
0.305882
0.309804
0.313726
0.341176
0.345098
0.341176
0.329412
0.329412
0.388235
0.392157
0.356863
0.376471
0.376471
0.329412
0.376471
0.360784
0.360784
0.364706
0.349020
0.337255
0.364706
0.352941
0.352941
0.352941
0.317647
0.333333
0.337255
0.329412
0.341176
0.317647
0.333333
0.333333
0.384314
0.376471
0.384314
0.372549
0.364706
0.392157
0.415686
0.407843
0.435294
0.427451
0.423529
0.427451
0.427451
0.423529
0.407843
0.415686
0.407843
0.407843
0.396078
0.380392
0.372549
0.356863
0.364706
0.360784
0.352941
0.321569
0.349020
0.345098
0.352941
0.345098
0.356863
0.333333
0.305882
0.360784
0.313726
0.341176
0.345098
0.317647
0.341176
0.360784
0.384314
0.372549
0.372549
0.352941
0.317647
0.372549
0.364706
0.360784
0.356863
0.360784
0.321569
0.356863
0.345098
0.360784
0.356863
0.329412
0.352941
0.341176
0.352941
0.345098
0.337255
0.337255
0.333333
0.337255
0.384314
0.388235
0.388235
0.392157
0.384314
0.388235
0.419608
0.427451
0.435294
0.447059
0.450980
0.450980
0.447059
0.447059
0.462745
0.427451
0.419608
0.419608
0.419608
0.396078
0.384314
0.372549
0.368627
0.364706
0.356863
0.337255
0.341176
0.352941
0.360784
0.364706
0.360784
0.305882
0.337255
0.360784
0.337255
0.329412
0.321569
0.341176
0.329412
0.356863
0.372549
0.376471
0.376471
0.364706
0.345098
0.349020
0.356863
0.352941
0.368627
0.309804
0.364706
0.360784
0.345098
0.333333
0.349020
0.341176
0.349020
0.349020
0.349020
0.341176
0.313726
0.329412
0.333333
0.337255
0.392157
0.396078
0.403922
0.411765
0.407843
0.427451
0.400000
0.427451
0.462745
0.466667
0.474510
0.470588
0.474510
0.466667
0.470588
0.466667
0.435294
0.431373
0.423529
0.419608
0.384314
0.384314
0.376471
0.356863
0.341176
0.345098
0.345098
0.337255
0.349020
0.364706
0.309804
0.305882
0.341176
0.352941
0.360784
0.313726
0.329412
0.305882
0.352941
0.360784
0.352941
0.352941
0.356863
0.321569
0.356863
0.345098
0.349020
0.360784
0.341176
0.360784
0.356863
0.345098
0.349020
0.356863
0.309804
0.349020
0.349020
0.352941
0.345098
0.313726
0.337255
0.333333
0.329412
0.341176
0.392157
0.403922
0.423529
0.419608
0.439216
0.435294
0.454902
0.447059
0.450980
0.490196
0.505882
0.509804
0.482353
0.501961
0.490196
0.486275
0.478431
0.443137
0.427451
0.415686
0.400000
0.396078
0.384314
0.372549
0.360784
0.356863
0.356863
0.360784
0.352941
0.333333
0.321569
0.360784
0.341176
0.349020
0.352941
0.321569
0.349020
0.349020
0.325490
0.356863
0.349020
0.345098
0.325490
0.356863
0.349020
0.349020
0.349020
0.349020
0.333333
0.360784
0.345098
0.356863
0.352941
0.301961
0.345098
0.337255
0.356863
0.352941
0.321569
0.325490
0.333333
0.337255
0.337255
0.341176
0.388235
0.411765
0.411765
0.403922
0.443137
0.447059
0.470588
0.478431
0.509804
0.498039
0.517647
0.517647
0.517647
0.560784
0.556863
0.533333
0.501961
0.474510
0.450980
0.415686
0.392157
0.388235
0.388235
0.345098
0.364706
0.364706
0.360784
0.356863
0.360784
0.309804
0.321569
0.352941
0.356863
0.356863
0.321569
0.329412
0.325490
0.352941
0.345098
0.317647
0.352941
0.345098
0.341176
0.349020
0.356863
0.341176
0.352941
0.309804
0.337255
0.356863
0.345098
0.356863
0.337255
0.349020
0.349020
0.349020
0.329412
0.341176
0.321569
0.333333
0.329412
0.337255
0.333333
0.333333
0.372549
0.392157
0.419608
0.419608
0.443137
0.462745
0.478431
0.505882
0.521569
0.572549
0.568627
0.576471
0.584314
0.596078
0.611765
0.576471
0.521569
0.505882
0.466667
0.443137
0.415686
0.388235
0.364706
0.380392
0.372549
0.364706
0.380392
0.364706
0.329412
0.317647
0.349020
0.321569
0.349020
0.349020
0.329412
0.321569
0.352941
0.352941
0.352941
0.337255
0.329412
0.321569
0.352941
0.345098
0.345098
0.349020
0.321569
0.356863
0.341176
0.337255
0.345098
0.352941
0.325490
0.352941
0.345098
0.352941
0.352941
0.309804
0.329412
0.337255
0.337255
0.345098
0.305882
0.337255
0.400000
0.396078
0.396078
0.443137
0.466667
0.470588
0.501961
0.545098
0.568627
0.619608
0.643137
0.674510
0.666667
0.674510
0.670588
0.627451
0.596078
0.545098
0.478431
0.443137
0.431373
0.396078
0.380392
0.356863
0.380392
0.388235
0.384314
0.384314
0.333333
0.356863
0.356863
0.349020
0.333333
0.325490
0.345098
0.341176
0.345098
0.352941
0.349020
0.345098
0.313726
0.337255
0.349020
0.360784
0.345098
0.356863
0.329412
0.349020
0.349020
0.349020
0.329412
0.305882
0.349020
0.349020
0.352941
0.341176
0.305882
0.333333
0.329412
0.337255
0.329412
0.313726
0.337255
0.329412
0.407843
0.431373
0.419608
0.419608
0.435294
0.486275
0.521569
0.592157
0.650980
0.701961
0.749020
0.776471
0.776471
0.752941
0.709804
0.662745
0.639216
0.545098
0.494118
0.458824
0.427451
0.400000
0.384314
0.364706
0.364706
0.364706
0.384314
0.337255
0.325490
0.341176
0.337255
0.333333
0.333333
0.329412
0.309804
0.349020
0.337255
0.345098
0.341176
0.349020
0.345098
0.337255
0.337255
0.329412
0.337255
0.309804
0.352941
0.349020
0.352941
0.345098
0.325490
0.329412
0.360784
0.345098
0.349020
0.325490
0.321569
0.325490
0.337255
0.321569
0.317647
0.333333
0.333333
0.337255
0.419608
0.415686
0.443137
0.454902
0.458824
0.486275
0.552941
0.627451
0.713726
0.811765
0.937255
0.937255
0.941176
0.890196
0.811765
0.741176
0.690196
0.596078
0.521569
0.482353
0.439216
0.423529
0.400000
0.392157
0.380392
0.349020
0.345098
0.337255
0.349020
0.345098
0.345098
0.329412
0.329412
0.325490
0.341176
0.313726
0.341176
0.349020
0.349020
0.313726
0.349020
0.349020
0.345098
0.345098
0.309804
0.345098
0.345098
0.349020
0.349020
0.345098
0.333333
0.349020
0.325490
0.345098
0.337255
0.325490
0.333333
0.333333
0.329412
0.325490
0.321569
0.333333
0.337255
0.396078
0.419608
0.431373
0.439216
0.454902
0.490196
0.517647
0.568627
0.674510
0.811765
0.941176
0.992157
0.996078
1.000000
0.992157
0.945098
0.839216
0.725490
0.627451
0.545098
0.486275
0.443137
0.439216
0.407843
0.407843
0.396078
0.388235
0.372549
0.337255
0.349020
0.349020
0.345098
0.321569
0.345098
0.341176
0.341176
0.349020
0.309804
0.349020
0.309804
0.341176
0.352941
0.356863
0.349020
0.345098
0.337255
0.329412
0.341176
0.345098
0.345098
0.317647
0.341176
0.345098
0.341176
0.325490
0.313726
0.329412
0.333333
0.333333
0.333333
0.317647
0.329412
0.329412
0.368627
0.392157
0.415686
0.431373
0.454902
0.466667
0.509804
0.552941
0.650980
0.760784
0.921569
0.996078
1.000000
1.000000
1.000000
1.000000
1.000000
0.941176
0.772549
0.670588
0.560784
0.509804
0.462745
0.443137
0.419608
0.411765
0.396078
0.349020
0.341176
0.333333
0.333333
0.333333
0.333333
0.337255
0.313726
0.329412
0.329412
0.333333
0.333333
0.325490
0.341176
0.341176
0.349020
0.345098
0.345098
0.317647
0.352941
0.352941
0.325490
0.337255
0.305882
0.349020
0.352941
0.349020
0.349020
0.309804
0.333333
0.329412
0.325490
0.333333
0.313726
0.333333
0.329412
0.337255
0.349020
0.321569
0.415686
0.435294
0.447059
0.478431
0.521569
0.588235
0.705882
0.831373
0.984314
1.000000
1.000000
1.000000
1.000000
1.000000
1.000000
0.996078
0.835294
0.694118
0.580392
0.505882
0.466667
0.447059
0.439216
0.419608
0.403922
0.352941
0.388235
0.352941
0.337255
0.329412
0.313726
0.337255
0.337255
0.333333
0.333333
0.333333
0.333333
0.309804
0.329412
0.329412
0.345098
0.345098
0.313726
0.349020
0.349020
0.341176
0.349020
0.321569
0.345098
0.341176
0.345098
0.352941
0.321569
0.329412
0.333333
0.333333
0.329412
0.317647
0.337255
0.337255
0.333333
0.403922
0.321569
0.329412
0.400000
0.403922
0.458824
0.490196
0.549020
0.619608
0.725490
0.882353
1.000000
1.000000
1.000000
1.000000
1.000000
1.000000
1.000000
1.000000
0.890196
0.705882
0.596078
0.537255
0.470588
0.427451
0.439216
0.419608
0.364706
0.360784
0.368627
0.360784
0.345098
0.329412
0.309804
0.329412
0.345098
0.341176
0.345098
0.333333
0.317647
0.333333
0.333333
0.341176
0.313726
0.337255
0.349020
0.349020
0.349020
0.352941
0.356863
0.325490
0.329412
0.329412
0.345098
0.349020
0.325490
0.333333
0.333333
0.333333
0.329412
0.329412
0.337255
0.333333
0.403922
0.333333
0.333333
0.337255
0.427451
0.443137
0.439216
0.494118
0.568627
0.635294
0.749020
0.901961
1.000000
1.000000
1.000000
1.000000
1.000000
1.000000
1.000000
1.000000
0.921569
0.717647
0.611765
0.529412
0.486275
0.462745
0.403922
0.384314
0.352941
0.384314
0.380392
0.364706
0.341176
0.341176
0.321569
0.313726
0.321569
0.329412
0.337255
0.337255
0.345098
0.321569
0.329412
0.341176
0.341176
0.309804
0.349020
0.349020
0.345098
0.349020
0.309804
0.349020
0.341176
0.333333
0.337255
0.309804
0.329412
0.329412
0.333333
0.337255
0.317647
0.333333
0.325490
0.392157
0.364706
0.329412
0.333333
0.337255
0.427451
0.435294
0.470588
0.474510
0.537255
0.623529
0.741176
0.882353
1.000000
1.000000
1.000000
1.000000
1.000000
1.000000
1.000000
1.000000
0.882353
0.709804
0.588235
0.525490
0.490196
0.474510
0.443137
0.392157
0.376471
0.388235
0.380392
0.360784
0.345098
0.352941
0.349020
0.345098
0.329412
0.309804
0.317647
0.317647
0.341176
0.329412
0.325490
0.333333
0.313726
0.341176
0.333333
0.337255
0.352941
0.313726
0.349020
0.345098
0.341176
0.349020
0.317647
0.321569
0.333333
0.333333
0.329412
0.317647
0.333333
0.329412
0.352941
0.380392
0.309804
0.329412
0.333333
0.329412
0.431373
0.454902
0.466667
0.501961
0.545098
0.580392
0.729412
0.878431
1.000000
1.000000
1.000000
1.000000
1.000000
1.000000
1.000000
1.000000
0.831373
0.698039
0.592157
0.541176
0.494118
0.482353
0.407843
0.392157
0.392157
0.352941
0.372549
0.341176
0.352941
0.345098
0.349020
0.345098
0.345098
0.345098
0.305882
0.325490
0.333333
0.337255
0.333333
0.321569
0.333333
0.329412
0.349020
0.337255
0.317647
0.337255
0.349020
0.345098
0.349020
0.321569
0.333333
0.333333
0.329412
0.333333
0.317647
0.329412
0.333333
0.345098
0.392157
0.317647
0.337255
0.333333
0.329412
0.329412
0.431373
0.447059
0.478431
0.482353
0.525490
0.611765
0.705882
0.819608
0.968627
1.000000
1.000000
1.000000
1.000000
1.000000
1.000000
0.992157
0.792157
0.670588
0.568627
0.533333
0.490196
0.454902
0.403922
0.431373
0.411765
0.388235
0.345098
0.341176
0.321569
0.364706
0.364706
0.360784
0.341176
0.333333
0.345098
0.313726
0.321569
0.325490
0.333333
0.309804
0.333333
0.329412
0.341176
0.345098
0.321569
0.317647
0.352941
0.345098
0.349020
0.329412
0.333333
0.333333
0.337255
0.337255
0.337255
0.337255
0.329412
0.403922
0.309804
0.341176
0.333333
0.325490
0.333333
0.329412
0.415686
0.447059
0.466667
0.486275
0.521569
0.580392
0.682353
0.768627
0.890196
0.992157
1.000000
1.000000
1.000000
1.000000
1.000000
0.894118
0.725490
0.627451
0.552941
0.494118
0.474510
0.415686
0.415686
0.427451
0.423529
0.403922
0.349020
0.352941
0.333333
0.360784
0.360784
0.352941
0.356863
0.329412
0.341176
0.345098
0.337255
0.305882
0.309804
0.337255
0.341176
0.333333
0.329412
0.305882
0.337255
0.345098
0.329412
0.345098
0.313726
0.333333
0.329412
0.337255
0.329412
0.325490
0.341176
0.337255
0.403922
0.341176
0.321569
0.333333
0.329412
0.341176
0.317647
0.337255
0.415686
0.439216
0.470588
0.478431
0.521569
0.592157
0.639216
0.721569
0.800000
0.890196
0.956863
0.988235
0.992157
0.968627
0.901961
0.760784
0.682353
0.592157
0.549020
0.501961
0.439216
0.403922
0.443137
0.427451
0.411765
0.360784
0.372549
0.349020
0.360784
0.337255
0.341176
0.352941
0.317647
0.356863
0.345098
0.352941
0.349020
0.325490
0.305882
0.321569
0.333333
0.345098
0.313726
0.333333
0.337255
0.349020
0.345098
0.317647
0.333333
0.329412
0.337255
0.341176
0.317647
0.337255
0.333333
0.352941
0.388235
0.333333
0.341176
0.337255
0.329412
0.325490
0.337255
0.341176
0.411765
0.427451
0.439216
0.470588
0.509804
0.541176
0.596078
0.674510
0.721569
0.776471
0.807843
0.847059
0.831373
0.800000
0.745098
0.690196
0.607843
0.564706
0.513726
0.486275
0.423529
0.419608
0.392157
0.423529
0.407843
0.356863
0.337255
0.392157
0.384314
0.360784
0.349020
0.317647
0.352941
0.360784
0.372549
0.380392
0.360784
0.337255
0.345098
0.321569
0.321569
0.321569
0.337255
0.333333
0.337255
0.333333
0.333333
0.333333
0.337255
0.321569
0.337255
0.321569
0.337255
0.341176
0.360784
0.400000
0.321569
0.333333
0.337255
0.333333
0.325490
0.333333
0.337255
0.341176
0.415686
0.435294
0.454902
0.454902
0.466667
0.509804
0.576471
0.647059
0.670588
0.701961
0.713726
0.741176
0.729412
0.705882
0.639216
0.607843
0.572549
0.541176
0.498039
0.427451
0.431373
0.447059
0.431373
0.380392
0.356863
0.380392
0.392157
0.392157
0.384314
0.380392
0.364706
0.333333
0.317647
0.341176
0.372549
0.384314
0.321569
0.376471
0.352941
0.349020
0.341176
0.309804
0.325490
0.345098
0.333333
0.337255
0.329412
0.333333
0.337255
0.341176
0.321569
0.345098
0.341176
0.341176
0.411765
0.321569
0.337255
0.337255
0.333333
0.325490
0.341176
0.341176
0.341176
0.337255
0.407843
0.396078
0.458824
0.462745
0.470588
0.470588
0.521569
0.560784
0.603922
0.607843
0.635294
0.647059
0.619608
0.603922
0.588235
0.537255
0.501961
0.509804
0.474510
0.419608
0.458824
0.450980
0.439216
0.388235
0.368627
0.341176
0.388235
0.392157
0.380392
0.380392
0.325490
0.376471
0.364706
0.341176
0.317647
0.325490
0.392157
0.396078
0.400000
0.364706
0.317647
0.341176
0.325490
0.325490
0.337255
0.325490
0.337255
0.345098
0.345098
0.333333
0.345098
0.337255
0.337255
0.415686
0.329412
0.337255
0.333333
0.345098
0.337255
0.333333
0.337255
0.337255
0.337255
0.325490
0.396078
0.415686
0.423529
0.447059
0.462745
0.482353
0.498039
0.490196
0.525490
0.552941
0.568627
0.564706
0.556863
0.552941
0.541176
0.513726
0.490196
0.443137
0.423529
0.435294
0.439216
0.439216
0.419608
0.360784
0.352941
0.400000
0.341176
0.337255
0.392157
0.368627
0.376471
0.368627
0.376471
0.364706
0.368627
0.321569
0.368627
0.384314
0.388235
0.368627
0.360784
0.349020
0.337255
0.345098
0.325490
0.337255
0.333333
0.341176
0.345098
0.329412
0.341176
0.341176
0.372549
0.352941
0.341176
0.337255
0.349020
0.333333
0.329412
0.345098
0.341176
0.337255
0.317647
0.337255
0.384314
0.419608
0.423529
0.431373
0.443137
0.470588
0.466667
0.486275
0.498039
0.490196
0.505882
0.525490
0.509804
0.513726
0.509804
0.486275
0.478431
0.435294
0.403922
0.396078
0.423529
0.431373
0.376471
0.384314
0.392157
0.403922
0.396078
0.384314
0.317647
0.337255
0.380392
0.380392
0.376471
0.376471
0.325490
0.388235
0.356863
0.321569
0.380392
0.341176
0.392157
0.396078
0.360784
0.341176
0.341176
0.325490
0.333333
0.337255
0.329412
0.345098
0.349020
0.372549
0.392157
0.345098
0.337255
0.337255
0.333333
0.321569
0.337255
0.345098
0.349020
0.337255
0.337255
0.349020
0.376471
0.384314
0.419608
0.419608
0.435294
0.462745
0.466667
0.466667
0.470588
0.482353
0.478431
0.470588
0.486275
0.498039
0.482353
0.470588
0.458824
0.411765
0.450980
0.439216
0.380392
0.364706
0.376471
0.349020
0.403922
0.392157
0.392157
0.388235
0.321569
0.337255
0.333333
0.368627
0.380392
0.325490
0.364706
0.364706
0.384314
0.372549
0.309804
0.372549
0.403922
0.384314
0.380392
0.329412
0.333333
0.345098
0.341176
0.345098
0.349020
0.356863
0.364706
0.423529
0.341176
0.341176
0.349020
0.337255
0.329412
0.337255
0.345098
0.333333
0.329412
0.337255
0.341176
0.337255
0.376471
0.376471
0.384314
0.388235
0.431373
0.423529
0.458824
0.439216
0.447059
0.458824
0.462745
0.470588
0.462745
0.458824
0.458824
0.470588
0.411765
0.415686
0.443137
0.443137
0.427451
0.372549
0.345098
0.364706
0.403922
0.392157
0.388235
0.352941
0.380392
0.384314
0.364706
0.313726
0.341176
0.364706
0.360784
0.380392
0.360784
0.333333
0.384314
0.345098
0.329412
0.388235
0.317647
0.349020
0.333333
0.345098
0.345098
0.356863
0.345098
0.349020
0.423529
0.345098
0.345098
0.345098
0.349020
0.337255
0.345098
0.349020
0.337255
0.341176
0.345098
0.337255
0.345098
0.345098
0.392157
0.396078
0.388235
0.376471
0.388235
0.396078
0.419608
0.431373
0.439216
0.447059
0.435294
0.439216
0.447059
0.454902
0.423529
0.392157
0.400000
0.431373
0.431373
0.435294
0.372549
0.384314
0.396078
0.372549
0.337255
0.372549
0.392157
0.352941
0.380392
0.384314
0.364706
0.372549
0.329412
0.325490
0.356863
0.360784
0.364706
0.356863
0.356863
0.380392
0.388235
0.325490
0.356863
0.341176
0.349020
0.345098
0.345098
0.360784
0.364706
0.352941
0.349020
0.352941
0.356863
0.352941
0.349020
0.349020
0.352941
0.352941
0.345098
0.341176
0.337255
0.352941
0.352941
0.329412
0.388235
0.392157
0.400000
0.411765
0.384314
0.392157
0.400000
0.396078
0.419608
0.427451
0.439216
0.435294
0.435294
0.443137
0.443137
0.400000
0.392157
0.388235
0.435294
0.415686
0.380392
0.349020
0.403922
0.403922
0.392157
0.333333
0.333333
0.388235
0.376471
0.388235
0.384314
0.325490
0.376471
0.360784
0.325490
0.341176
0.325490
0.360784
0.364706
0.352941
0.345098
0.341176
0.341176
0.345098
0.349020
0.349020
0.360784
0.376471
0.407843
0.384314
0.368627
0.376471
0.364706
0.368627
0.356863
0.356863
0.349020
0.345098
0.337255
0.341176
0.352941
0.349020
0.325490
0.345098
0.384314
0.384314
0.392157
0.384314
0.403922
0.388235
0.384314
0.388235
0.388235
0.392157
0.419608
0.439216
0.439216
0.431373
0.388235
0.384314
0.435294
0.396078
0.364706
0.356863
0.372549
0.415686
0.403922
0.396078
0.396078
0.356863
0.360784
0.325490
0.341176
0.376471
0.345098
0.376471
0.372549
0.360784
0.364706
0.325490
0.313726
0.356863
0.360784
0.360784
0.325490
0.337255
0.337255
0.372549
0.341176
0.372549
0.384314
0.392157
0.400000
0.392157
0.392157
0.396078
0.376471
0.364706
0.360784
0.352941
0.349020
0.337255
0.352941
0.360784
0.341176
0.333333
0.341176
0.349020
0.360784
0.388235
0.384314
0.396078
0.396078
0.388235
0.384314
0.392157
0.376471
0.388235
0.388235
0.396078
0.439216
0.427451
0.392157
0.431373
0.431373
0.415686
0.372549
0.352941
0.352941
0.396078
0.400000
0.396078
0.396078
0.356863
0.364706
0.380392
0.345098
0.321569
0.349020
0.384314
0.376471
0.376471
0.345098
0.356863
0.364706
0.329412
0.337255
0.321569
0.337255
0.337255
0.352941
0.341176
0.376471
0.372549
0.376471
0.411765
0.396078
0.396078
0.435294
0.411765
0.388235
0.380392
0.372549
0.368627
0.349020
0.360784
0.364706
0.356863
0.325490
0.352941
0.352941
0.349020
0.360784
0.349020
0.352941
0.392157
0.372549
0.368627
0.388235
0.392157
0.384314
0.388235
0.384314
0.384314
0.364706
0.372549
0.396078
0.415686
0.435294
0.415686
0.360784
0.352941
0.403922
0.349020
0.337255
0.392157
0.325490
0.376471
0.388235
0.388235
0.388235
0.325490
0.329412
0.317647
0.376471
0.360784
0.345098
0.360784
0.364706
0.360784
0.329412
0.321569
0.345098
0.341176
0.352941
0.349020
0.380392
0.396078
0.443137
0.392157
0.419608
0.427451
0.435294
0.423529
0.435294
0.403922
0.392157
0.372549
0.360784
0.364706
0.356863
0.345098
0.352941
0.360784
0.349020
0.341176
0.364706
0.372549
0.360784
0.352941
0.356863
0.380392
0.384314
0.364706
0.388235
0.392157
0.388235
0.396078
0.356863
0.356863
0.360784
0.368627
0.423529
0.360784
0.356863
0.400000
0.400000
0.388235
0.392157
0.329412
0.325490
0.372549
0.372549
0.384314
0.325490
0.384314
0.376471
0.360784
0.313726
0.309804
0.364706
0.360784
0.364706
0.349020
0.325490
0.337255
0.333333
0.329412
0.341176
0.360784
0.400000
0.396078
0.396078
0.419608
0.439216
0.435294
0.443137
0.454902
0.427451
0.439216
0.396078
0.388235
0.356863
0.356863
0.352941
0.360784
0.352941
0.352941
0.345098
0.356863
0.349020
0.341176
0.384314
0.360784
0.360784
0.352941
0.368627
0.376471
0.380392
0.388235
0.392157
0.396078
0.356863
0.400000
0.349020
0.356863
0.349020
0.349020
0.384314
0.403922
0.400000
0.407843
0.396078
0.364706
0.360784
0.321569
0.325490
0.364706
0.376471
0.384314
0.376471
0.376471
0.329412
0.341176
0.317647
0.360784
0.360784
0.325490
0.337255
0.337255
0.337255
0.333333
0.341176
0.380392
0.411765
0.392157
0.415686
0.431373
0.470588
0.505882
0.505882
0.486275
0.486275
0.458824
0.415686
0.400000
0.396078
0.372549
0.368627
0.360784
0.360784
0.352941
0.360784
0.352941
