0.698039
0.658824
0.619608
0.619608
0.580392
0.580392
0.580392
0.576471
0.482353
0.435294
0.568627
0.576471
0.133333
0.149020
0.121569
0.494118
0.462745
0.474510
0.458824
0.388235
0.054902
0.207843
0.388235
0.129412
0.184314
0.274510
0.254902
0.043137
0.070588
0.145098
0.262745
0.254902
0.117647
0.188235
0.250980
0.258824
0.090196
0.015686
0.078431
0.050980
0.043137
0.070588
0.070588
0.070588
0.168627
0.109804
0.023529
0.031373
0.031373
0.031373
0.047059
0.070588
0.031373
0.000000
0.074510
0.050980
0.254902
0.345098
0.305882
0.239216
0.227451
0.227451
0.188235
0.188235
0.737255
0.698039
0.658824
0.658824
0.619608
0.619608
0.619608
0.588235
0.580392
0.580392
0.580392
0.580392
0.478431
0.454902
0.482353
0.462745
0.466667
0.345098
0.168627
0.274510
0.345098
0.345098
0.305882
0.305882
0.305882
0.376471
0.290196
0.082353
0.149020
0.282353
0.345098
0.301961
0.082353
0.117647
0.164706
0.286275
0.286275
0.356863
0.309804
0.094118
0.070588
0.066667
0.235294
0.200000
0.062745
0.031373
0.031373
0.031373
0.031373
0.470588
0.015686
0.043137
0.113725
0.070588
0.050980
0.019608
0.031373
0.031373
0.031373
0.062745
0.141176
0.250980
0.227451
0.188235
0.776471
0.737255
0.698039
0.658824
0.658824
0.658824
0.619608
0.619608
0.619608
0.619608
0.619608
0.619608
0.545098
0.541176
0.490196
0.376471
0.266667
0.160784
0.423529
0.462745
0.466667
0.501961
0.498039
0.423529
0.403922
0.423529
0.427451
0.396078
0.309804
0.364706
0.349020
0.329412
0.149020
0.121569
0.031373
0.188235
0.141176
0.305882
0.301961
0.200000
0.203922
0.274510
0.086275
0.101961
0.125490
0.074510
0.058824
0.031373
0.101961
0.341176
0.301961
0.282353
0.023529
0.027451
0.156863
0.113725
0.270588
0.262745
0.227451
0.262745
0.066667
0.003922
0.117647
0.227451
0.776471
0.737255
0.698039
0.698039
0.658824
0.658824
0.658824
0.627451
0.619608
0.619608
0.619608
0.658824
0.596078
0.580392
0.541176
0.152941
0.149020
0.109804
0.490196
0.427451
0.427451
0.517647
0.537255
0.537255
0.537255
0.541176
0.466667
0.423529
0.458824
0.458824
0.498039
0.478431
0.121569
0.156863
0.223529
0.172549
0.094118
0.305882
0.266667
0.274510
0.105882
0.117647
0.247059
0.227451
0.164706
0.149020
0.058824
0.031373
0.137255
0.192157
0.152941
0.188235
0.149020
0.176471
0.047059
0.031373
0.074510
0.113725
0.188235
0.015686
0.031373
0.031373
0.172549
0.227451
0.776471
0.776471
0.737255
0.698039
0.698039
0.698039
0.698039
0.666667
0.658824
0.658824
0.658824
0.658824
0.658824
0.619608
0.619608
0.529412
0.509804
0.541176
0.537255
0.537255
0.541176
0.580392
0.580392
0.580392
0.580392
0.580392
0.545098
0.501961
0.541176
0.580392
0.580392
0.537255
0.458824
0.392157
0.149020
0.109804
0.156863
0.180392
0.109804
0.290196
0.301961
0.301961
0.341176
0.301961
0.262745
0.211765
0.133333
0.098039
0.149020
0.188235
0.188235
0.188235
0.188235
0.188235
0.227451
0.184314
0.090196
0.160784
0.109804
0.066667
0.011765
0.172549
0.262745
0.262745
0.776471
0.776471
0.737255
0.737255
0.737255
0.698039
0.698039
0.698039
0.698039
0.698039
0.698039
0.698039
0.658824
0.658824
0.619608
0.619608
0.580392
0.580392
0.580392
0.580392
0.580392
0.580392
0.580392
0.580392
0.580392
0.580392
0.580392
0.541176
0.541176
0.580392
0.580392
0.541176
0.541176
0.501961
0.501961
0.501961
0.513726
0.227451
0.160784
0.498039
0.501961
0.501961
0.427451
0.396078
0.345098
0.305882
0.305882
0.305882
0.305882
0.305882
0.266667
0.227451
0.266667
0.266667
0.227451
0.227451
0.235294
0.266667
0.094118
0.137255
0.227451
0.282353
0.305882
0.305882
0.776471
0.776471
0.776471
0.737255
0.737255
0.737255
0.698039
0.698039
0.698039
0.698039
0.698039
0.698039
0.698039
0.658824
0.658824
0.619608
0.619608
0.580392
0.580392
0.580392
0.580392
0.580392
0.580392
0.580392
0.580392
0.580392
0.580392
0.580392
0.580392
0.580392
0.580392
0.541176
0.541176
0.541176
0.501961
0.486275
0.274510
0.164706
0.223529
0.466667
0.462745
0.431373
0.423529
0.454902
0.494118
0.423529
0.423529
0.415686
0.376471
0.376471
0.337255
0.337255
0.337255
0.337255
0.266667
0.266667
0.266667
0.188235
0.074510
0.168627
0.250980
0.282353
0.305882
0.305882
0.776471
0.776471
0.776471
0.737255
0.737255
0.737255
0.737255
0.737255
0.725490
0.698039
0.698039
0.698039
0.698039
0.658824
0.658824
0.658824
0.619608
0.619608
0.619608
0.619608
0.580392
0.580392
0.580392
0.580392
0.580392
0.580392
0.580392
0.580392
0.580392
0.619608
0.619608
0.580392
0.580392
0.580392
0.580392
0.552941
0.494118
0.298039
0.309804
0.490196
0.505882
0.541176
0.541176
0.541176
0.501961
0.501961
0.501961
0.501961
0.462745
0.462745
0.462745
0.462745
0.454902
0.415686
0.376471
0.400000
0.317647
0.121569
0.058824
0.207843
0.317647
0.345098
0.345098
0.345098
0.474510
0.494118
0.705882
0.709804
0.807843
0.819608
0.729412
0.737255
0.737255
0.737255
0.698039
0.698039
0.698039
0.698039
0.658824
0.658824
0.658824
0.619608
0.619608
0.619608
0.619608
0.619608
0.619608
0.619608
0.619608
0.619608
0.619608
0.619608
0.619608
0.619608
0.619608
0.619608
0.619608
0.619608
0.619608
0.619608
0.580392
0.580392
0.580392
0.580392
0.580392
0.580392
0.580392
0.541176
0.541176
0.541176
0.541176
0.541176
0.541176
0.541176
0.501961
0.501961
0.501961
0.501961
0.501961
0.501961
0.490196
0.462745
0.462745
0.462745
0.462745
0.462745
0.462745
0.462745
0.776471
0.776471
0.776471
0.776471
0.764706
0.772549
0.745098
0.729412
0.737255
0.545098
0.701961
0.698039
0.698039
0.698039
0.658824
0.658824
0.658824
0.619608
0.619608
0.619608
0.619608
0.619608
0.619608
0.619608
0.619608
0.619608
0.619608
0.619608
0.619608
0.619608
0.619608
0.619608
0.619608
0.619608
0.619608
0.619608
0.580392
0.580392
0.580392
0.580392
0.580392
0.580392
0.580392
0.580392
0.541176
0.541176
0.541176
0.541176
0.541176
0.541176
0.541176
0.541176
0.541176
0.541176
0.501961
0.501961
0.501961
0.501961
0.501961
0.501961
0.501961
0.501961
0.462745
0.462745
0.776471
0.776471
0.776471
0.776471
0.737255
0.737255
0.737255
0.737255
0.737255
0.737255
0.737255
0.698039
0.698039
0.698039
0.698039
0.658824
0.658824
0.658824
0.658824
0.658824
0.619608
0.619608
0.619608
0.619608
0.619608
0.619608
0.619608
0.619608
0.619608
0.619608
0.619608
0.619608
0.619608
0.619608
0.619608
0.619608
0.619608
0.619608
0.580392
0.580392
0.580392
0.580392
0.580392
0.580392
0.580392
0.580392
0.580392
0.541176
0.541176
0.541176
0.541176
0.541176
0.541176
0.541176
0.541176
0.541176
0.541176
0.541176
0.541176
0.541176
0.541176
0.541176
0.501961
0.501961
0.776471
0.776471
0.776471
0.776471
0.772549
0.737255
0.737255
0.737255
0.737255
0.737255
0.737255
0.737255
0.698039
0.698039
0.698039
0.658824
0.658824
0.658824
0.658824
0.658824
0.658824
0.658824
0.654902
0.654902
0.654902
0.654902
0.619608
0.619608
0.654902
0.658824
0.623529
0.619608
0.623529
0.619608
0.619608
0.619608
0.619608
0.619608
0.619608
0.615686
0.607843
0.580392
0.580392
0.580392
0.580392
0.580392
0.580392
0.576471
0.576471
0.576471
0.541176
0.541176
0.541176
0.541176
0.541176
0.541176
0.541176
0.541176
0.541176
0.541176
0.541176
0.541176
0.541176
0.541176
0.737255
0.737255
0.776471
0.776471
0.737255
0.737255
0.737255
0.737255
0.737255
0.737255
0.737255
0.737255
0.698039
0.698039
0.698039
0.658824
0.658824
0.658824
0.658824
0.658824
0.658824
0.658824
0.658824
0.658824
0.658824
0.658824
0.658824
0.658824
0.658824
0.658824
0.658824
0.619608
0.619608
0.619608
0.619608
0.619608
0.619608
0.619608
0.619608
0.619608
0.619608
0.619608
0.580392
0.580392
0.580392
0.580392
0.580392
0.580392
0.580392
0.580392
0.580392
0.580392
0.580392
0.541176
0.541176
0.541176
0.541176
0.541176
0.541176
0.541176
0.541176
0.541176
0.541176
0.541176
0.737255
0.737255
0.737255
0.737255
0.737255
0.737255
0.737255
0.737255
0.737255
0.737255
0.737255
0.737255
0.698039
0.698039
0.698039
0.698039
0.658824
0.658824
0.658824
0.658824
0.658824
0.658824
0.658824
0.658824
0.658824
0.658824
0.658824
0.658824
0.658824
0.658824
0.658824
0.619608
0.619608
0.619608
0.619608
0.619608
0.619608
0.619608
0.619608
0.619608
0.619608
0.619608
0.619608
0.580392
0.580392
0.580392
0.580392
0.580392
0.580392
0.580392
0.580392
0.580392
0.580392
0.580392
0.580392
0.580392
0.580392
0.580392
0.580392
0.580392
0.541176
0.541176
0.541176
0.541176
0.737255
0.737255
0.737255
0.737255
0.737255
0.737255
0.737255
0.737255
0.737255
0.737255
0.737255
0.737255
0.737255
0.698039
0.698039
0.698039
0.658824
0.658824
0.658824
0.658824
0.658824
0.658824
0.658824
0.658824
0.658824
0.658824
0.658824
0.658824
0.658824
0.658824
0.643137
0.643137
0.619608
0.619608
0.619608
0.619608
0.619608
0.619608
0.619608
0.619608
0.619608
0.619608
0.580392
0.580392
0.580392
0.580392
0.580392
0.580392
0.580392
0.580392
0.580392
0.580392
0.580392
0.580392
0.580392
0.580392
0.580392
0.580392
0.580392
0.580392
0.580392
0.541176
0.541176
0.541176
0.737255
0.737255
0.737255
0.737255
0.737255
0.737255
0.737255
0.737255
0.737255
0.737255
0.737255
0.737255
0.737255
0.698039
0.698039
0.698039
0.658824
0.658824
0.658824
0.658824
0.658824
0.658824
0.658824
0.658824
0.658824
0.658824
0.658824
0.658824
0.658824
0.658824
0.658824
0.658824
0.658824
0.619608
0.619608
0.619608
0.619608
0.619608
0.619608
0.619608
0.619608
0.619608
0.619608
0.580392
0.580392
0.619608
0.619608
0.580392
0.580392
0.580392
0.580392
0.580392
0.580392
0.580392
0.580392
0.580392
0.580392
0.580392
0.580392
0.580392
0.580392
0.580392
0.580392
0.580392
0.737255
0.737255
0.737255
0.737255
0.737255
0.737255
0.737255
0.737255
0.737255
0.737255
0.737255
0.737255
0.737255
0.737255
0.698039
0.698039
0.658824
0.658824
0.658824
0.658824
0.658824
0.658824
0.658824
0.658824
0.658824
0.658824
0.658824
0.658824
0.658824
0.658824
0.658824
0.658824
0.658824
0.658824
0.619608
0.619608
0.619608
0.619608
0.619608
0.619608
0.619608
0.619608
0.619608
0.619608
0.619608
0.619608
0.619608
0.619608
0.619608
0.580392
0.580392
0.580392
0.580392
0.580392
0.580392
0.580392
0.580392
0.580392
0.580392
0.580392
0.580392
0.580392
0.580392
0.580392
0.737255
0.737255
0.737255
0.737255
0.737255
0.737255
0.737255
0.737255
0.737255
0.737255
0.737255
0.737255
0.698039
0.698039
0.698039
0.698039
0.698039
0.658824
0.658824
0.658824
0.658824
0.658824
0.658824
0.658824
0.658824
0.658824
0.658824
0.658824
0.658824
0.658824
0.658824
0.658824
0.658824
0.658824
0.619608
0.619608
0.619608
0.619608
0.619608
0.619608
0.619608
0.619608
0.619608
0.619608
0.619608
0.619608
0.619608
0.619608
0.619608
0.619608
0.596078
0.580392
0.580392
0.580392
0.580392
0.580392
0.580392
0.580392
0.580392
0.580392
0.580392
0.580392
0.580392
0.580392
0.737255
0.737255
0.737255
0.737255
0.737255
0.737255
0.737255
0.737255
0.737255
0.737255
0.737255
0.737255
0.698039
0.698039
0.698039
0.698039
0.698039
0.658824
0.658824
0.658824
0.658824
0.658824
0.658824
0.658824
0.658824
0.658824
0.658824
0.658824
0.658824
0.658824
0.658824
0.658824
0.658824
0.658824
0.658824
0.619608
0.619608
0.619608
0.619608
0.619608
0.619608
0.619608
0.619608
0.619608
0.619608
0.619608
0.619608
0.619608
0.619608
0.619608
0.619608
0.580392
0.580392
0.580392
0.580392
0.580392
0.580392
0.580392
0.580392
0.580392
0.580392
0.580392
0.580392
0.580392
0.698039
0.698039
0.698039
0.698039
0.737255
0.737255
0.737255
0.737255
0.737255
0.737255
0.698039
0.698039
0.698039
0.698039
0.698039
0.698039
0.698039
0.698039
0.658824
0.658824
0.658824
0.658824
0.658824
0.658824
0.658824
0.658824
0.658824
0.658824
0.658824
0.658824
0.658824
0.658824
0.658824
0.658824
0.658824
0.658824
0.619608
0.619608
0.619608
0.619608
0.619608
0.619608
0.619608
0.619608
0.619608
0.619608
0.619608
0.619608
0.619608
0.580392
0.580392
0.580392
0.580392
0.580392
0.580392
0.580392
0.580392
0.580392
0.580392
0.580392
0.580392
0.580392
0.580392
0.580392
0.698039
0.698039
0.698039
0.698039
0.698039
0.733333
0.737255
0.737255
0.725490
0.698039
0.698039
0.698039
0.698039
0.698039
0.698039
0.698039
0.698039
0.698039
0.698039
0.658824
0.658824
0.658824
0.658824
0.658824
0.658824
0.658824
0.658824
0.658824
0.658824
0.658824
0.658824
0.658824
0.658824
0.658824
0.658824
0.658824
0.658824
0.658824
0.619608
0.619608
0.619608
0.619608
0.619608
0.619608
0.619608
0.619608
0.619608
0.619608
0.619608
0.619608
0.584314
0.584314
0.580392
0.580392
0.580392
0.580392
0.580392
0.580392
0.580392
0.580392
0.580392
0.580392
0.580392
0.580392
0.698039
0.698039
0.698039
0.698039
0.698039
0.698039
0.737255
0.705882
0.698039
0.698039
0.698039
0.698039
0.698039
0.698039
0.698039
0.698039
0.698039
0.698039
0.698039
0.698039
0.698039
0.658824
0.658824
0.658824
0.658824
0.658824
0.658824
0.658824
0.658824
0.658824
0.658824
0.658824
0.658824
0.658824
0.658824
0.658824
0.658824
0.658824
0.658824
0.627451
0.619608
0.619608
0.619608
0.619608
0.619608
0.619608
0.619608
0.619608
0.619608
0.619608
0.619608
0.619608
0.619608
0.580392
0.580392
0.580392
0.580392
0.580392
0.580392
0.580392
0.580392
0.580392
0.580392
0.580392
0.698039
0.698039
0.698039
0.698039
0.698039
0.698039
0.698039
0.698039
0.698039
0.698039
0.698039
0.698039
0.698039
0.698039
0.698039
0.698039
0.698039
0.698039
0.698039
0.698039
0.698039
0.698039
0.698039
0.698039
0.686275
0.658824
0.658824
0.658824
0.658824
0.658824
0.658824
0.658824
0.658824
0.658824
0.658824
0.658824
0.658824
0.658824
0.658824
0.658824
0.658824
0.658824
0.658824
0.619608
0.619608
0.619608
0.619608
0.619608
0.619608
0.619608
0.619608
0.619608
0.619608
0.619608
0.619608
0.619608
0.607843
0.580392
0.580392
0.580392
0.580392
0.580392
0.580392
0.580392
0.698039
0.698039
0.698039
0.698039
0.698039
0.698039
0.698039
0.698039
0.698039
0.698039
0.698039
0.698039
0.698039
0.698039
0.698039
0.698039
0.698039
0.698039
0.698039
0.698039
0.698039
0.698039
0.698039
0.698039
0.698039
0.698039
0.698039
0.658824
0.658824
0.658824
0.658824
0.658824
0.658824
0.658824
0.658824
0.658824
0.658824
0.658824
0.658824
0.658824
0.658824
0.658824
0.658824
0.658824
0.619608
0.619608
0.619608
0.619608
0.619608
0.619608
0.619608
0.619608
0.619608
0.619608
0.619608
0.619608
0.619608
0.619608
0.619608
0.580392
0.580392
0.580392
0.580392
0.580392
0.698039
0.698039
0.698039
0.698039
0.698039
0.698039
0.698039
0.698039
0.698039
0.698039
0.698039
0.698039
0.698039
0.698039
0.698039
0.698039
0.698039
0.698039
0.698039
0.698039
0.698039
0.698039
0.698039
0.666667
0.666667
0.698039
0.698039
0.698039
0.698039
0.698039
0.698039
0.658824
0.658824
0.658824
0.658824
0.658824
0.658824
0.658824
0.658824
0.658824
0.658824
0.658824
0.658824
0.658824
0.658824
0.619608
0.619608
0.619608
0.619608
0.619608
0.619608
0.619608
0.619608
0.619608
0.619608
0.619608
0.619608
0.619608
0.619608
0.580392
0.619608
0.619608
0.619608
0.580392
0.698039
0.698039
0.698039
0.698039
0.698039
0.698039
0.698039
0.698039
0.698039
0.698039
0.698039
0.698039
0.698039
0.698039
0.698039
0.698039
0.698039
0.698039
0.698039
0.698039
0.698039
0.698039
0.698039
0.698039
0.698039
0.698039
0.698039
0.698039
0.698039
0.698039
0.658824
0.658824
0.658824
0.658824
0.658824
0.658824
0.658824
0.658824
0.658824
0.658824
0.658824
0.658824
0.658824
0.658824
0.658824
0.658824
0.619608
0.619608
0.619608
0.619608
0.619608
0.619608
0.619608
0.619608
0.619608
0.619608
0.619608
0.619608
0.619608
0.619608
0.619608
0.619608
0.619608
0.580392
0.333333
0.337255
0.631373
0.698039
0.698039
0.698039
0.698039
0.698039
0.698039
0.698039
0.698039
0.698039
0.698039
0.698039
0.698039
0.698039
0.698039
0.698039
0.698039
0.698039
0.698039
0.698039
0.698039
0.698039
0.698039
0.698039
0.698039
0.698039
0.698039
0.698039
0.658824
0.658824
0.658824
0.658824
0.658824
0.658824
0.658824
0.658824
0.658824
0.658824
0.658824
0.658824
0.658824
0.658824
0.658824
0.658824
0.658824
0.619608
0.619608
0.619608
0.619608
0.619608
0.619608
0.619608
0.619608
0.619608
0.619608
0.619608
0.619608
0.619608
0.619608
0.619608
0.619608
0.619608
0.698039
0.698039
0.737255
0.674510
0.282353
0.317647
0.533333
0.713726
0.698039
0.698039
0.698039
0.698039
0.698039
0.698039
0.698039
0.698039
0.698039
0.698039
0.698039
0.698039
0.698039
0.698039
0.698039
0.698039
0.698039
0.698039
0.698039
0.698039
0.698039
0.698039
0.698039
0.698039
0.658824
0.658824
0.658824
0.658824
0.658824
0.658824
0.658824
0.658824
0.658824
0.658824
0.658824
0.658824
0.658824
0.658824
0.658824
0.658824
0.619608
0.619608
0.619608
0.619608
0.619608
0.619608
0.619608
0.619608
0.619608
0.619608
0.619608
0.619608
0.619608
0.619608
0.619608
0.619608
0.698039
0.698039
0.698039
0.698039
0.698039
0.698039
0.698039
0.721569
0.345098
0.321569
0.517647
0.705882
0.737255
0.698039
0.698039
0.698039
0.698039
0.698039
0.698039
0.698039
0.698039
0.698039
0.698039
0.698039
0.698039
0.698039
0.698039
0.698039
0.698039
0.698039
0.658824
0.698039
0.658824
0.698039
0.658824
0.658824
0.658824
0.658824
0.658824
0.658824
0.658824
0.658824
0.658824
0.658824
0.658824
0.658824
0.658824
0.658824
0.658824
0.658824
0.658824
0.619608
0.619608
0.619608
0.619608
0.619608
0.619608
0.619608
0.619608
0.619608
0.619608
0.619608
0.619608
0.619608
0.698039
0.698039
0.698039
0.698039
0.698039
0.698039
0.698039
0.698039
0.698039
0.698039
0.705882
0.647059
0.282353
0.337255
0.619608
0.698039
0.698039
0.698039
0.698039
0.698039
0.698039
0.698039
0.698039
0.698039
0.698039
0.698039
0.698039
0.698039
0.698039
0.698039
0.698039
0.698039
0.698039
0.698039
0.698039
0.698039
0.698039
0.658824
0.658824
0.658824
0.658824
0.658824
0.658824
0.658824
0.658824
0.658824
0.658824
0.658824
0.658824
0.658824
0.658824
0.619608
0.619608
0.619608
0.619608
0.619608
0.619608
0.619608
0.619608
0.619608
0.619608
0.619608
0.619608
0.619608
0.698039
0.698039
0.698039
0.698039
0.698039
0.698039
0.698039
0.698039
0.698039
0.698039
0.698039
0.698039
0.698039
0.698039
0.709804
0.419608
0.341176
0.376471
0.717647
0.698039
0.698039
0.698039
0.698039
0.698039
0.698039
0.698039
0.698039
0.698039
0.698039
0.698039
0.698039
0.698039
0.698039
0.698039
0.698039
0.698039
0.698039
0.698039
0.698039
0.698039
0.686275
0.658824
0.658824
0.658824
0.658824
0.658824
0.658824
0.658824
0.658824
0.658824
0.658824
0.658824
0.658824
0.658824
0.658824
0.658824
0.658824
0.658824
0.619608
0.619608
0.619608
0.619608
0.619608
0.619608
0.698039
0.698039
0.698039
0.698039
0.698039
0.698039
0.698039
0.698039
0.698039
0.698039
0.698039
0.698039
0.698039
0.698039
0.698039
0.698039
0.698039
0.698039
0.662745
0.270588
0.243137
0.745098
0.698039
0.698039
0.698039
0.698039
0.698039
0.698039
0.698039
0.698039
0.698039
0.698039
0.698039
0.698039
0.698039
0.698039
0.698039
0.698039
0.698039
0.698039
0.698039
0.698039
0.698039
0.658824
0.658824
0.658824
0.658824
0.658824
0.658824
0.658824
0.658824
0.658824
0.658824
0.658824
0.658824
0.658824
0.658824
0.658824
0.658824
0.658824
0.658824
0.658824
0.619608
0.619608
0.698039
0.698039
0.698039
0.698039
0.698039
0.698039
0.698039
0.698039
0.698039
0.698039
0.698039
0.698039
0.698039
0.698039
0.698039
0.698039
0.698039
0.698039
0.698039
0.698039
0.690196
0.725490
0.258824
0.247059
0.635294
0.698039
0.698039
0.698039
0.698039
0.698039
0.698039
0.698039
0.698039
0.698039
0.698039
0.698039
0.698039
0.698039
0.698039
0.698039
0.698039
0.698039
0.698039
0.658824
0.658824
0.658824
0.658824
0.658824
0.658824
0.658824
0.658824
0.658824
0.658824
0.658824
0.658824
0.658824
0.658824
0.658824
0.658824
0.658824
0.658824
0.658824
0.619608
0.619608
0.698039
0.698039
0.698039
0.698039
0.698039
0.698039
0.698039
0.698039
0.698039
0.698039
0.698039
0.698039
0.698039
0.698039
0.698039
0.698039
0.698039
0.698039
0.698039
0.698039
0.698039
0.698039
0.698039
0.725490
0.666667
0.321569
0.235294
0.647059
0.698039
0.698039
0.698039
0.698039
0.698039
0.698039
0.698039
0.698039
0.698039
0.698039
0.698039
0.698039
0.698039
0.698039
0.698039
0.698039
0.698039
0.658824
0.658824
0.658824
0.658824
0.658824
0.658824
0.658824
0.658824
0.658824
0.658824
0.658824
0.658824
0.658824
0.658824
0.658824
0.658824
0.658824
0.619608
0.619608
0.698039
0.698039
0.698039
0.698039
0.698039
0.698039
0.698039
0.698039
0.698039
0.698039
0.698039
0.698039
0.698039
0.698039
0.698039
0.698039
0.698039
0.698039
0.698039
0.698039
0.698039
0.698039
0.698039
0.698039
0.698039
0.698039
0.698039
0.698039
0.203922
0.254902
0.764706
0.690196
0.698039
0.698039
0.698039
0.698039
0.698039
0.698039
0.698039
0.698039
0.698039
0.698039
0.698039
0.658824
0.658824
0.658824
0.658824
0.658824
0.658824
0.658824
0.658824
0.658824
0.658824
0.658824
0.658824
0.658824
0.658824
0.658824
0.658824
0.658824
0.658824
0.619608
0.619608
0.619608
0.698039
0.698039
0.698039
0.698039
0.698039
0.698039
0.698039
0.698039
0.698039
0.698039
0.698039
0.698039
0.698039
0.698039
0.698039
0.698039
0.698039
0.698039
0.698039
0.698039
0.698039
0.698039
0.698039
0.698039
0.698039
0.698039
0.698039
0.698039
0.698039
0.662745
0.615686
0.301961
0.274510
0.698039
0.698039
0.698039
0.698039
0.698039
0.698039
0.698039
0.698039
0.698039
0.698039
0.658824
0.658824
0.658824
0.658824
0.658824
0.658824
0.658824
0.658824
0.658824
0.658824
0.658824
0.658824
0.658824
0.658824
0.658824
0.658824
0.658824
0.658824
0.658824
0.658824
0.619608
0.698039
0.698039
0.698039
0.698039
0.698039
0.698039
0.698039
0.698039
0.698039
0.698039
0.698039
0.698039
0.698039
0.698039
0.698039
0.698039
0.698039
0.698039
0.698039
0.698039
0.698039
0.698039
0.698039
0.698039
0.698039
0.698039
0.698039
0.698039
0.698039
0.698039
0.698039
0.698039
0.752941
0.317647
0.211765
0.588235
0.698039
0.698039
0.698039
0.698039
0.698039
0.698039
0.658824
0.658824
0.658824
0.658824
0.658824
0.658824
0.658824
0.658824
0.658824
0.658824
0.658824
0.658824
0.658824
0.658824
0.658824
0.658824
0.658824
0.658824
0.658824
0.658824
0.658824
0.619608
0.698039
0.698039
0.698039
0.698039
0.725490
0.701961
0.698039
0.698039
0.698039
0.698039
0.698039
0.698039
0.698039
0.698039
0.698039
0.698039
0.698039
0.698039
0.698039
0.698039
0.737255
0.698039
0.698039
0.698039
0.698039
0.698039
0.698039
0.698039
0.698039
0.698039
0.698039
0.698039
0.698039
0.698039
0.698039
0.658824
0.266667
0.313726
0.623529
0.650980
0.658824
0.658824
0.658824
0.658824
0.698039
0.658824
0.658824
0.658824
0.658824
0.658824
0.658824
0.658824
0.658824
0.658824
0.658824
0.658824
0.658824
0.658824
0.658824
0.658824
0.658824
0.658824
0.658824
0.619608
0.698039
0.698039
0.698039
0.698039
0.698039
0.698039
0.698039
0.698039
0.698039
0.698039
0.698039
0.698039
0.698039
0.698039
0.698039
0.698039
0.698039
0.698039
0.698039
0.698039
0.698039
0.737255
0.698039
0.698039
0.698039
0.698039
0.698039
0.698039
0.698039
0.698039
0.698039
0.698039
0.698039
0.698039
0.698039
0.698039
0.654902
0.643137
0.227451
0.219608
0.600000
0.658824
0.658824
0.658824
0.658824
0.658824
0.658824
0.658824
0.658824
0.658824
0.658824
0.658824
0.658824
0.658824
0.658824
0.658824
0.658824
0.658824
0.658824
0.658824
0.658824
0.658824
0.658824
0.658824
0.698039
0.698039
0.698039
0.698039
0.698039
0.698039
0.698039
0.698039
0.698039
0.698039
0.698039
0.698039
0.698039
0.698039
0.698039
0.698039
0.698039
0.698039
0.698039
0.698039
0.698039
0.698039
0.698039
0.698039
0.698039
0.698039
0.698039
0.698039
0.698039
0.698039
0.698039
0.698039
0.698039
0.698039
0.698039
0.658824
0.658824
0.658824
0.658824
0.596078
0.286275
0.266667
0.490196
0.662745
0.658824
0.658824
0.658824
0.658824
0.658824
0.658824
0.658824
0.658824
0.658824
0.658824
0.658824
0.658824
0.658824
0.658824
0.658824
0.658824
0.658824
0.658824
0.658824
0.658824
0.698039
0.698039
0.698039
0.698039
0.698039
0.698039
0.698039
0.698039
0.698039
0.698039
0.698039
0.698039
0.698039
0.698039
0.698039
0.698039
0.698039
0.698039
0.698039
0.698039
0.698039
0.698039
0.698039
0.698039
0.698039
0.698039
0.698039
0.698039
0.698039
0.698039
0.698039
0.698039
0.698039
0.698039
0.698039
0.658824
0.658824
0.658824
0.658824
0.658824
0.658824
0.658824
0.509804
0.235294
0.423529
0.639216
0.658824
0.658824
0.658824
0.658824
0.658824
0.658824
0.658824
0.619608
0.619608
0.619608
0.619608
0.619608
0.658824
0.658824
0.619608
0.619608
0.619608
0.619608
0.698039
0.698039
0.698039
0.698039
0.698039
0.698039
0.698039
0.698039
0.698039
0.698039
0.698039
0.698039
0.698039
0.698039
0.698039
0.698039
0.698039
0.698039
0.698039
0.698039
0.698039
0.698039
0.698039
0.698039
0.698039
0.698039
0.698039
0.698039
0.698039
0.698039
0.698039
0.658824
0.698039
0.658824
0.658824
0.658824
0.658824
0.658824
0.658824
0.658824
0.658824
0.658824
0.658824
0.658824
0.450980
0.266667
0.419608
0.658824
0.658824
0.658824
0.619608
0.658824
0.658824
0.658824
0.619608
0.647059
0.658824
0.658824
0.658824
0.658824
0.619608
0.619608
0.619608
0.619608
0.698039
0.698039
0.698039
0.698039
0.698039
0.698039
0.698039
0.698039
0.698039
0.698039
0.698039
0.698039
0.698039
0.698039
0.698039
0.698039
0.698039
0.698039
0.698039
0.698039
0.698039
0.698039
0.698039
0.698039
0.698039
0.698039
0.698039
0.658824
0.658824
0.658824
0.658824
0.658824
0.658824
0.658824
0.658824
0.658824
0.658824
0.658824
0.658824
0.658824
0.658824
0.658824
0.658824
0.658824
0.658824
0.619608
0.372549
0.266667
0.584314
0.619608
0.619608
0.619608
0.619608
0.619608
0.619608
0.619608
0.619608
0.619608
0.658824
0.658824
0.619608
0.619608
0.619608
0.619608
0.698039
0.698039
0.698039
0.698039
0.698039
0.698039
0.698039
0.698039
0.698039
0.698039
0.698039
0.698039
0.698039
0.698039
0.698039
0.698039
0.698039
0.698039
0.698039
0.698039
0.698039
0.698039
0.698039
0.698039
0.698039
0.698039
0.698039
0.658824
0.658824
0.658824
0.658824
0.658824
0.658824
0.658824
0.658824
0.658824
0.658824
0.658824
0.658824
0.631373
0.623529
0.619608
0.623529
0.619608
0.623529
0.619608
0.619608
0.619608
0.270588
0.258824
0.560784
0.619608
0.619608
0.619608
0.619608
0.619608
0.619608
0.619608
0.623529
0.623529
0.619608
0.654902
0.619608
0.619608
0.698039
0.698039
0.698039
0.698039
0.698039
0.698039
0.698039
0.725490
0.737255
0.737255
0.698039
0.698039
0.698039
0.698039
0.698039
0.698039
0.698039
0.698039
0.698039
0.698039
0.698039
0.698039
0.698039
0.698039
0.686275
0.658824
0.658824
0.658824
0.658824
0.658824
0.658824
0.658824
0.658824
0.658824
0.658824
0.658824
0.658824
0.658824
0.658824
0.627451
0.619608
0.619608
0.619608
0.619608
0.619608
0.619608
0.619608
0.619608
0.619608
0.650980
0.266667
0.227451
0.619608
0.619608
0.619608
0.619608
0.619608
0.619608
0.619608
0.619608
0.619608
0.619608
0.619608
0.619608
0.698039
0.698039
0.737255
0.737255
0.698039
0.698039
0.737255
0.737255
0.725490
0.698039
0.698039
0.698039
0.698039
0.698039
0.698039
0.698039
0.698039
0.698039
0.682353
0.698039
0.698039
0.698039
0.698039
0.698039
0.698039
0.698039
0.658824
0.658824
0.658824
0.658824
0.658824
0.658824
0.658824
0.658824
0.639216
0.635294
0.682353
0.658824
0.658824
0.658824
0.647059
0.619608
0.619608
0.619608
0.619608
0.619608
0.619608
0.619608
0.619608
0.619608
0.619608
0.549020
0.227451
0.274510
0.619608
0.619608
0.619608
0.619608
0.619608
0.619608
0.619608
0.619608
0.619608
0.619608
0.698039
0.698039
0.737255
0.737255
0.721569
0.737255
0.737255
0.737255
0.737255
0.737255
0.721569
0.737255
0.721569
0.721569
0.698039
0.698039
0.698039
0.698039
0.686275
0.698039
0.698039
0.698039
0.698039
0.698039
0.686275
0.658824
0.682353
0.658824
0.658824
0.658824
0.658824
0.658824
0.658824
0.658824
0.658824
0.666667
0.658824
0.635294
0.635294
0.623529
0.619608
0.619608
0.619608
0.619608
0.619608
0.619608
0.619608
0.619608
0.619608
0.619608
0.619608
0.619608
0.615686
0.345098
0.243137
0.454902
0.619608
0.619608
0.619608
0.619608
0.619608
0.619608
0.619608
0.619608
0.698039
0.698039
0.737255
0.737255
0.737255
0.737255
0.737255
0.737255
0.737255
0.737255
0.737255
0.737255
0.737255
0.737255
0.698039
0.737255
0.698039
0.698039
0.698039
0.698039
0.698039
0.698039
0.698039
0.698039
0.698039
0.698039
0.698039
0.698039
0.698039
0.698039
0.658824
0.658824
0.658824
0.658824
0.658824
0.658824
0.658824
0.619608
0.619608
0.619608
0.619608
0.619608
0.619608
0.619608
0.619608
0.619608
0.619608
0.619608
0.619608
0.619608
0.619608
0.619608
0.619608
0.619608
0.631373
0.266667
0.247059
0.600000
0.619608
0.619608
0.619608
0.619608
0.619608
0.619608
0.698039
0.698039
0.737255
0.737255
0.737255
0.737255
0.737255
0.737255
0.737255
0.737255
0.737255
0.737255
0.737255
0.737255
0.737255
0.737255
0.698039
0.698039
0.737255
0.737255
0.698039
0.698039
0.698039
0.698039
0.698039
0.698039
0.698039
0.698039
0.698039
0.698039
0.658824
0.658824
0.658824
0.658824
0.658824
0.658824
0.619608
0.619608
0.619608
0.619608
0.619608
0.619608
0.619608
0.619608
0.619608
0.619608
0.619608
0.619608
0.619608
0.619608
0.619608
0.619608
0.619608
0.619608
0.619608
0.639216
0.490196
0.305882
0.360784
0.670588
0.619608
0.619608
0.619608
0.619608
0.698039
0.698039
0.737255
0.737255
0.713726
0.721569
0.737255
0.737255
0.737255
0.737255
0.737255
0.737255
0.737255
0.737255
0.737255
0.737255
0.721569
0.737255
0.737255
0.713726
0.737255
0.698039
0.698039
0.698039
0.698039
0.698039
0.698039
0.698039
0.658824
0.658824
0.658824
0.658824
0.658824
0.658824
0.658824
0.658824
0.658824
0.619608
0.619608
0.619608
0.619608
0.619608
0.619608
0.619608
0.619608
0.619608
0.619608
0.619608
0.619608
0.619608
0.619608
0.619608
0.619608
0.619608
0.619608
0.619608
0.623529
0.584314
0.203922
0.262745
0.603922
0.619608
0.619608
0.619608
0.478431
0.698039
0.737255
0.737255
0.725490
0.737255
0.737255
0.737255
0.737255
0.737255
0.737255
0.737255
0.737255
0.737255
0.737255
0.737255
0.737255
0.717647
0.737255
0.737255
0.737255
0.698039
0.698039
0.698039
0.698039
0.698039
0.698039
0.698039
0.698039
0.658824
0.658824
0.658824
0.658824
0.658824
0.658824
0.658824
0.658824
0.619608
0.619608
0.619608
0.619608
0.619608
0.619608
0.619608
0.619608
0.619608
0.619608
0.619608
0.619608
0.619608
0.619608
0.619608
0.619608
0.619608
0.619608
0.619608
0.619608
0.619608
0.619608
0.431373
0.266667
0.407843
0.619608
0.619608
0.345098
0.556863
0.737255
0.698039
0.737255
0.737255
0.737255
0.737255
0.737255
0.737255
0.737255
0.737255
0.737255
0.737255
0.737255
0.737255
0.737255
0.737255
0.737255
0.737255
0.737255
0.698039
0.698039
0.725490
0.666667
0.698039
0.658824
0.658824
0.682353
0.698039
0.658824
0.658824
0.658824
0.658824
0.658824
0.658824
0.658824
0.619608
0.619608
0.619608
0.619608
0.619608
0.619608
0.619608
0.619608
0.619608
0.580392
0.619608
0.619608
0.619608
0.619608
0.619608
0.619608
0.619608
0.619608
0.619608
0.619608
0.619608
0.619608
0.619608
0.619608
0.235294
0.266667
0.647059
0.341176
0.407843
0.662745
0.737255
0.737255
0.737255
0.737255
0.737255
0.737255
0.737255
0.741176
0.737255
0.737255
0.737255
0.737255
0.737255
0.737255
0.737255
0.737255
0.737255
0.737255
0.737255
0.737255
0.705882
0.698039
0.698039
0.701961
0.698039
0.662745
0.694118
0.658824
0.658824
0.658824
0.658824
0.627451
0.658824
0.654902
0.619608
0.619608
0.619608
0.619608
0.619608
0.619608
0.619608
0.619608
0.619608
0.580392
0.619608
0.619608
0.619608
0.619608
0.619608
0.619608
0.580392
0.580392
0.607843
0.611765
0.584314
0.619608
0.619608
0.619608
0.549020
0.286275
0.333333
0.615686
0.345098
0.341176
0.698039
0.737255
0.737255
0.737255
0.737255
0.725490
0.772549
0.776471
0.737255
0.737255
0.776471
0.776471
0.737255
0.737255
0.737255
0.737255
0.737255
0.737255
0.737255
0.737255
0.705882
0.698039
0.698039
0.698039
0.698039
0.698039
0.658824
0.658824
0.658824
0.658824
0.658824
0.658824
0.658824
0.619608
0.619608
0.619608
0.619608
0.619608
0.619608
0.619608
0.619608
0.619608
0.619608
0.619608
0.619608
0.619608
0.619608
0.619608
0.619608
0.619608
0.619608
0.619608
0.619608
0.619608
0.619608
0.619608
0.619608
0.619608
0.619608
0.619608
0.498039
0.698039
0.462745
0.384314
0.325490
0.737255
0.737255
0.737255
0.764706
0.776471
0.776471
0.737255
0.737255
0.737255
0.737255
0.737255
0.737255
0.737255
0.737255
0.737255
0.737255
0.737255
0.737255
0.737255
0.705882
0.698039
0.698039
0.698039
0.698039
0.658824
0.658824
0.658824
0.658824
0.658824
0.658824
0.658824
0.658824
0.619608
0.619608
0.619608
0.619608
0.607843
0.580392
0.580392
0.580392
0.580392
0.580392
0.580392
0.619608
0.619608
0.619608
0.619608
0.619608
0.619608
0.619608
0.619608
0.619608
0.619608
0.619608
0.619608
0.619608
0.619608
0.619608
0.619608
0.619608
0.698039
0.631373
0.384314
0.400000
0.556863
0.737255
0.737255
0.737255
0.737255
0.737255
0.737255
0.737255
0.737255
0.737255
0.776471
0.737255
0.737255
0.737255
0.737255
0.737255
0.737255
0.698039
0.698039
0.698039
0.698039
0.698039
0.698039
0.658824
0.658824
0.658824
0.658824
0.658824
0.658824
0.619608
0.619608
0.619608
0.619608
0.619608
0.619608
0.588235
0.580392
0.580392
0.580392
0.580392
0.580392
0.580392
0.580392
0.619608
0.619608
0.619608
0.619608
0.619608
0.619608
0.619608
0.619608
0.588235
0.588235
0.619608
0.619608
0.619608
0.619608
0.619608
0.619608
0.619608
0.698039
0.698039
0.682353
0.423529
0.478431
0.737255
0.737255
0.764706
0.764706
0.737255
0.737255
0.737255
0.737255
0.737255
0.737255
0.737255
0.737255
0.737255
0.737255
0.737255
0.737255
0.698039
0.698039
0.698039
0.698039
0.698039
0.658824
0.658824
0.658824
0.658824
0.658824
0.619608
0.619608
0.619608
0.619608
0.619608
0.619608
0.619608
0.619608
0.588235
0.580392
0.580392
0.580392
0.580392
0.580392
0.580392
0.580392
0.580392
0.619608
0.619608
0.619608
0.619608
0.619608
0.619608
0.619608
0.619608
0.619608
0.619608
0.619608
0.619608
0.619608
0.619608
0.619608
0.619608
0.698039
0.698039
0.698039
0.501961
0.462745
0.490196
0.737255
0.737255
0.737255
0.737255
0.737255
0.737255
0.737255
0.737255
0.737255
0.737255
0.737255
0.698039
0.698039
0.737255
0.698039
0.698039
0.698039
0.698039
0.698039
0.698039
0.658824
0.658824
0.619608
0.619608
0.619608
0.619608
0.619608
0.619608
0.619608
0.619608
0.619608
0.580392
0.580392
0.580392
0.580392
0.580392
0.580392
0.580392
0.580392
0.580392
0.580392
0.580392
0.619608
0.619608
0.619608
0.619608
0.619608
0.619608
0.619608
0.619608
0.619608
0.619608
0.619608
0.619608
0.619608
0.619608
0.658824
0.658824
0.698039
0.698039
0.698039
0.772549
0.501961
0.541176
0.737255
0.737255
0.737255
0.737255
0.737255
0.737255
0.737255
0.737255
0.737255
0.737255
0.737255
0.737255
0.698039
0.698039
0.698039
0.698039
0.698039
0.698039
0.698039
0.698039
0.658824
0.658824
0.619608
0.619608
0.619608
0.619608
0.619608
0.619608
0.619608
0.580392
0.580392
0.580392
0.580392
0.580392
0.580392
0.580392
0.580392
0.580392
0.580392
0.580392
0.580392
0.619608
0.619608
0.619608
0.619608
0.619608
0.619608
0.619608
0.619608
0.619608
0.619608
0.619608
0.658824
0.619608
0.619608
0.619608
0.658824
0.658824
0.658824
0.698039
0.698039
0.698039
0.552941
0.580392
0.552941
0.725490
0.737255
0.737255
0.737255
0.737255
0.737255
0.737255
0.737255
0.698039
0.698039
0.698039
0.698039
0.698039
0.698039
0.698039
0.698039
0.666667
0.658824
0.658824
0.658824
0.658824
0.619608
0.619608
0.619608
0.619608
0.580392
0.580392
0.619608
0.580392
0.580392
0.580392
0.580392
0.580392
0.580392
0.580392
0.580392
0.580392
0.580392
0.580392
0.580392
0.619608
0.619608
0.619608
0.619608
0.619608
0.619608
0.619608
0.619608
0.647059
0.658824
0.658824
0.658824
0.658824
0.658824
0.658824
0.658824
0.658824
0.658824
0.658824
0.658824
0.698039
0.658824
0.623529
0.686275
0.694118
0.705882
0.737255
0.737255
0.698039
0.698039
0.698039
0.698039
0.698039
0.698039
0.698039
0.698039
0.698039
0.698039
0.698039
0.658824
0.658824
0.658824
0.658824
0.658824
0.619608
0.619608
0.619608
0.619608
0.619608
0.580392
0.580392
0.580392
0.580392
0.580392
0.580392
0.580392
0.580392
0.568627
0.541176
0.580392
0.580392
0.580392
0.580392
0.580392
0.580392
0.619608
0.619608
0.619608
0.619608
0.619608
0.619608
0.658824
0.658824
0.658824
0.658824
0.658824
0.658824
0.698039
0.658824
0.698039
0.698039
0.658824
0.658824
0.658824
0.658824
0.698039
0.682353
0.678431
0.619608
0.737255
0.737255
0.737255
0.698039
0.698039
0.737255
0.737255
0.698039
0.698039
0.698039
0.698039
0.698039
0.698039
0.658824
0.658824
0.658824
0.647059
0.619608
0.619608
0.619608
0.619608
0.619608
0.619608
0.580392
0.580392
0.580392
0.580392
0.580392
0.580392
0.580392
0.580392
0.580392
0.568627
0.541176
0.541176
0.580392
0.580392
0.580392
0.580392
0.580392
0.619608
0.619608
0.619608
0.619608
0.619608
0.619608
0.658824
0.658824
0.658824
0.658824
0.658824
0.658824
0.658824
0.698039
0.698039
0.698039
0.658824
0.658824
0.658824
0.658824
0.658824
0.658824
0.615686
0.541176
0.670588
0.698039
0.698039
0.698039
0.698039
0.698039
0.698039
0.698039
0.698039
0.698039
0.698039
0.698039
0.658824
0.658824
0.619608
0.619608
0.619608
0.619608
0.619608
0.619608
0.580392
0.580392
0.580392
0.580392
0.580392
0.580392
0.580392
0.580392
0.580392
0.580392
0.580392
0.549020
0.541176
0.541176
0.541176
0.541176
0.541176
0.580392
0.580392
0.580392
0.619608
0.619608
0.619608
0.619608
0.619608
0.619608
0.658824
0.658824
0.658824
0.658824
0.658824
0.658824
0.658824
0.658824
0.698039
0.698039
0.619608
0.619608
0.619608
0.658824
0.658824
0.592157
0.537255
0.517647
0.650980
0.658824
0.658824
0.658824
0.658824
0.698039
0.698039
0.698039
0.698039
0.658824
0.658824
0.658824
0.619608
0.619608
0.619608
0.619608
0.607843
0.580392
0.580392
0.580392
0.580392
0.580392
0.580392
0.541176
0.580392
0.541176
0.541176
0.541176
0.541176
0.541176
0.541176
0.541176
0.541176
0.541176
0.541176
0.541176
0.541176
0.580392
0.580392
0.580392
0.619608
0.619608
0.619608
0.619608
0.619608
0.658824
0.658824
0.658824
0.658824
0.658824
0.658824
0.670588
0.698039
0.698039
0.698039
0.698039
