0.541176
0.541176
0.580392
0.580392
0.580392
0.580392
0.580392
0.580392
0.580392
0.580392
0.580392
0.580392
0.580392
0.580392
0.580392
0.580392
0.580392
0.580392
0.619608
0.619608
0.658824
0.658824
0.658824
0.686275
0.698039
0.698039
0.698039
0.698039
0.698039
0.698039
0.698039
0.698039
0.698039
0.698039
0.698039
0.658824
0.658824
0.658824
0.658824
0.658824
0.658824
0.658824
0.658824
0.658824
0.658824
0.658824
0.658824
0.658824
0.619608
0.619608
0.619608
0.619608
0.580392
0.580392
0.580392
0.580392
0.580392
0.580392
0.580392
0.580392
0.580392
0.580392
0.580392
0.580392
0.541176
0.580392
0.580392
0.580392
0.580392
0.580392
0.580392
0.580392
0.580392
0.580392
0.580392
0.580392
0.580392
0.580392
0.580392
0.580392
0.619608
0.619608
0.619608
0.619608
0.658824
0.658824
0.698039
0.698039
0.698039
0.698039
0.698039
0.737255
0.737255
0.737255
0.698039
0.698039
0.698039
0.698039
0.698039
0.698039
0.658824
0.658824
0.658824
0.658824
0.658824
0.658824
0.658824
0.658824
0.658824
0.658824
0.658824
0.658824
0.658824
0.619608
0.619608
0.619608
0.619608
0.654902
0.592157
0.568627
0.450980
0.450980
0.490196
0.537255
0.580392
0.623529
0.580392
0.580392
0.580392
0.580392
0.580392
0.580392
0.580392
0.580392
0.580392
0.580392
0.580392
0.580392
0.580392
0.580392
0.580392
0.580392
0.580392
0.580392
0.619608
0.619608
0.619608
0.658824
0.658824
0.658824
0.698039
0.698039
0.705882
0.737255
0.737255
0.737255
0.737255
0.737255
0.737255
0.698039
0.698039
0.698039
0.698039
0.698039
0.658824
0.658824
0.658824
0.658824
0.658824
0.658824
0.658824
0.658824
0.658824
0.654902
0.654902
0.631373
0.482353
0.537255
0.619608
0.619608
0.619608
0.619608
0.580392
0.580392
0.580392
0.580392
0.580392
0.580392
0.619608
0.619608
0.619608
0.619608
0.580392
0.580392
0.580392
0.580392
0.580392
0.580392
0.580392
0.580392
0.580392
0.580392
0.580392
0.580392
0.580392
0.619608
0.552941
0.619608
0.619608
0.619608
0.619608
0.658824
0.658824
0.698039
0.698039
0.698039
0.705882
0.737255
0.737255
0.737255
0.737255
0.737255
0.737255
0.698039
0.698039
0.698039
0.698039
0.698039
0.658824
0.658824
0.658824
0.658824
0.658824
0.658824
0.462745
0.596078
0.650980
0.690196
0.658824
0.658824
0.658824
0.658824
0.619608
0.619608
0.619608
0.619608
0.619608
0.588235
0.580392
0.580392
0.580392
0.619608
0.619608
0.619608
0.619608
0.619608
0.580392
0.580392
0.580392
0.580392
0.580392
0.580392
0.580392
0.580392
0.580392
0.580392
0.580392
0.619608
0.619608
0.619608
0.592157
0.619608
0.619608
0.619608
0.658824
0.658824
0.658824
0.658824
0.698039
0.698039
0.705882
0.737255
0.737255
0.737255
0.737255
0.737255
0.737255
0.698039
0.698039
0.698039
0.698039
0.658824
0.658824
0.658824
0.658824
0.396078
0.639216
0.666667
0.658824
0.658824
0.658824
0.658824
0.658824
0.658824
0.658824
0.658824
0.619608
0.619608
0.619608
0.619608
0.619608
0.619608
0.619608
0.619608
0.619608
0.619608
0.619608
0.619608
0.619608
0.658824
0.580392
0.580392
0.580392
0.580392
0.580392
0.580392
0.580392
0.607843
0.619608
0.619608
0.619608
0.619608
0.619608
0.564706
0.619608
0.619608
0.619608
0.619608
0.658824
0.658824
0.658824
0.698039
0.698039
0.725490
0.737255
0.737255
0.737255
0.737255
0.737255
0.737255
0.737255
0.698039
0.698039
0.698039
0.670588
0.631373
0.482353
0.658824
0.658824
0.658824
0.658824
0.658824
0.658824
0.658824
0.658824
0.658824
0.658824
0.658824
0.658824
0.658824
0.658824
0.619608
0.619608
0.619608
0.619608
0.619608
0.619608
0.619608
0.619608
0.619608
0.619608
0.619608
0.658824
0.658824
0.580392
0.580392
0.580392
0.580392
0.580392
0.580392
0.580392
0.607843
0.619608
0.619608
0.619608
0.619608
0.619608
0.596078
0.619608
0.619608
0.619608
0.619608
0.658824
0.658824
0.658824
0.698039
0.698039
0.725490
0.737255
0.737255
0.737255
0.737255
0.737255
0.737255
0.698039
0.698039
0.698039
0.588235
0.541176
0.647059
0.658824
0.658824
0.658824
0.658824
0.658824
0.658824
0.658824
0.658824
0.658824
0.658824
0.658824
0.658824
0.658824
0.658824
0.658824
0.619608
0.619608
0.619608
0.619608
0.619608
0.619608
0.619608
0.619608
0.619608
0.619608
0.658824
0.658824
0.658824
0.580392
0.580392
0.580392
0.580392
0.580392
0.580392
0.619608
0.619608
0.619608
0.619608
0.619608
0.619608
0.556863
0.619608
0.619608
0.619608
0.619608
0.619608
0.658824
0.658824
0.658824
0.698039
0.698039
0.725490
0.737255
0.737255
0.737255
0.737255
0.737255
0.737255
0.627451
0.513726
0.690196
0.698039
0.658824
0.658824
0.658824
0.658824
0.658824
0.658824
0.658824
0.658824
0.658824
0.658824
0.658824
0.658824
0.658824
0.658824
0.658824
0.658824
0.658824
0.658824
0.658824
0.658824
0.658824
0.658824
0.658824
0.658824
0.658824
0.658824
0.658824
0.658824
0.658824
0.658824
0.580392
0.580392
0.580392
0.580392
0.580392
0.580392
0.619608
0.619608
0.619608
0.619608
0.619608
0.619608
0.603922
0.619608
0.619608
0.619608
0.619608
0.619608
0.658824
0.658824
0.658824
0.698039
0.698039
0.698039
0.705882
0.737255
0.752941
0.694118
0.568627
0.737255
0.698039
0.698039
0.698039
0.658824
0.658824
0.658824
0.658824
0.658824
0.658824
0.658824
0.658824
0.658824
0.658824
0.658824
0.658824
0.658824
0.658824
0.658824
0.658824
0.658824
0.658824
0.658824
0.658824
0.658824
0.658824
0.658824
0.658824
0.658824
0.658824
0.658824
0.658824
0.658824
0.658824
0.654902
0.580392
0.580392
0.580392
0.580392
0.580392
0.580392
0.619608
0.619608
0.619608
0.619608
0.619608
0.545098
0.643137
0.619608
0.619608
0.619608
0.619608
0.619608
0.658824
0.658824
0.658824
0.698039
0.698039
0.698039
0.705882
0.490196
0.690196
0.725490
0.737255
0.737255
0.698039
0.698039
0.698039
0.658824
0.658824
0.658824
0.658824
0.658824
0.658824
0.658824
0.658824
0.658824
0.658824
0.658824
0.658824
0.658824
0.658824
0.658824
0.658824
0.658824
0.658824
0.658824
0.658824
0.658824
0.658824
0.658824
0.658824
0.658824
0.658824
0.658824
0.658824
0.658824
0.349020
0.678431
0.580392
0.580392
0.580392
0.580392
0.580392
0.580392
0.619608
0.619608
0.619608
0.619608
0.619608
0.615686
0.619608
0.619608
0.619608
0.619608
0.619608
0.619608
0.658824
0.658824
0.658824
0.658824
0.705882
0.454902
0.694118
0.698039
0.698039
0.698039
0.698039
0.698039
0.698039
0.698039
0.658824
0.658824
0.658824
0.658824
0.658824
0.658824
0.658824
0.658824
0.658824
0.658824
0.658824
0.658824
0.658824
0.658824
0.658824
0.658824
0.658824
0.658824
0.658824
0.658824
0.658824
0.658824
0.658824
0.658824
0.658824
0.658824
0.658824
0.686275
0.341176
0.639216
0.658824
0.698039
0.580392
0.580392
0.580392
0.580392
0.580392
0.580392
0.619608
0.619608
0.619608
0.619608
0.545098
0.619608
0.619608
0.619608
0.619608
0.619608
0.619608
0.619608
0.619608
0.615686
0.654902
0.341176
0.658824
0.686275
0.698039
0.698039
0.698039
0.698039
0.698039
0.698039
0.698039
0.658824
0.658824
0.658824
0.658824
0.658824
0.658824
0.658824
0.658824
0.658824
0.658824
0.658824
0.658824
0.658824
0.658824
0.658824
0.658824
0.658824
0.658824
0.658824
0.658824
0.658824
0.658824
0.658824
0.658824
0.658824
0.666667
0.745098
0.356863
0.643137
0.658824
0.658824
0.658824
0.698039
0.580392
0.580392
0.580392
0.580392
0.580392
0.580392
0.619608
0.619608
0.619608
0.619608
0.596078
0.619608
0.619608
0.619608
0.619608
0.619608
0.619608
0.619608
0.611765
0.337255
0.647059
0.658824
0.658824
0.658824
0.666667
0.698039
0.698039
0.698039
0.698039
0.698039
0.698039
0.658824
0.658824
0.658824
0.658824
0.658824
0.658824
0.658824
0.658824
0.658824
0.658824
0.658824
0.658824
0.658824
0.658824
0.658824
0.658824
0.658824
0.658824
0.658824
0.658824
0.658824
0.658824
0.658824
0.658824
0.650980
0.329412
0.674510
0.647059
0.658824
0.658824
0.658824
0.658824
0.698039
0.580392
0.580392
0.580392
0.580392
0.580392
0.580392
0.619608
0.619608
0.611765
0.517647
0.596078
0.619608
0.619608
0.619608
0.619608
0.619608
0.647059
0.317647
0.572549
0.619608
0.658824
0.658824
0.658824
0.658824
0.658824
0.658824
0.658824
0.698039
0.658824
0.658824
0.658824
0.658824
0.658824
0.658824
0.658824
0.658824
0.658824
0.658824
0.619608
0.619608
0.627451
0.658824
0.658824
0.658824
0.658824
0.658824
0.658824
0.658824
0.658824
0.658824
0.658824
0.658824
0.658824
0.639216
0.337255
0.643137
0.658824
0.658824
0.658824
0.658824
0.658824
0.658824
0.698039
0.698039
0.580392
0.580392
0.603922
0.603922
0.603922
0.619608
0.619608
0.619608
0.619608
0.580392
0.619608
0.619608
0.619608
0.619608
0.639216
0.313726
0.572549
0.635294
0.619608
0.619608
0.658824
0.658824
0.658824
0.658824
0.658824
0.658824
0.658824
0.658824
0.658824
0.658824
0.658824
0.658824
0.658824
0.635294
0.635294
0.619608
0.619608
0.619608
0.619608
0.619608
0.619608
0.619608
0.619608
0.619608
0.635294
0.635294
0.635294
0.635294
0.658824
0.658824
0.658824
0.658824
0.658824
0.631373
0.309804
0.654902
0.658824
0.658824
0.658824
0.658824
0.658824
0.658824
0.674510
0.698039
0.580392
0.580392
0.619608
0.619608
0.619608
0.619608
0.619608
0.619608
0.600000
0.615686
0.619608
0.619608
0.619608
0.454902
0.392157
0.639216
0.619608
0.619608
0.619608
0.619608
0.619608
0.619608
0.658824
0.658824
0.658824
0.658824
0.658824
0.658824
0.658824
0.658824
0.658824
0.658824
0.619608
0.619608
0.619608
0.619608
0.619608
0.619608
0.619608
0.619608
0.619608
0.619608
0.619608
0.619608
0.619608
0.619608
0.658824
0.658824
0.658824
0.658824
0.658824
0.658824
0.596078
0.345098
0.658824
0.658824
0.658824
0.658824
0.658824
0.658824
0.658824
0.658824
0.658824
0.698039
0.580392
0.619608
0.619608
0.619608
0.619608
0.619608
0.619608
0.643137
0.588235
0.619608
0.619608
0.654902
0.294118
0.615686
0.619608
0.619608
0.619608
0.619608
0.619608
0.619608
0.619608
0.619608
0.619608
0.647059
0.658824
0.658824
0.619608
0.619608
0.619608
0.619608
0.619608
0.619608
0.619608
0.619608
0.619608
0.619608
0.619608
0.619608
0.619608
0.619608
0.619608
0.619608
0.619608
0.619608
0.619608
0.619608
0.619608
0.658824
0.658824
0.658824
0.658824
0.658824
0.505882
0.360784
0.658824
0.658824
0.658824
0.658824
0.658824
0.658824
0.658824
0.658824
0.658824
0.658824
0.596078
0.619608
0.619608
0.619608
0.619608
0.619608
0.619608
0.584314
0.627451
0.619608
0.549020
0.349020
0.635294
0.619608
0.635294
0.635294
0.619608
0.619608
0.619608
0.619608
0.619608
0.619608
0.619608
0.619608
0.619608
0.619608
0.619608
0.619608
0.619608
0.619608
0.619608
0.619608
0.619608
0.619608
0.619608
0.619608
0.619608
0.619608
0.619608
0.619608
0.619608
0.619608
0.619608
0.619608
0.619608
0.619608
0.619608
0.658824
0.658824
0.658824
0.658824
0.643137
0.274510
0.658824
0.658824
0.658824
0.658824
0.658824
0.658824
0.658824
0.658824
0.658824
0.686275
0.682353
0.619608
0.619608
0.619608
0.619608
0.619608
0.619608
0.588235
0.509804
0.592157
0.278431
0.611765
0.639216
0.658824
0.658824
0.658824
0.658824
0.619608
0.619608
0.619608
0.619608
0.619608
0.619608
0.619608
0.619608
0.619608
0.619608
0.619608
0.619608
0.619608
0.619608
0.619608
0.619608
0.619608
0.619608
0.619608
0.619608
0.619608
0.619608
0.619608
0.619608
0.619608
0.619608
0.619608
0.619608
0.619608
0.619608
0.658824
0.658824
0.658824
0.658824
0.658824
0.431373
0.431373
0.658824
0.658824
0.658824
0.658824
0.658824
0.658824
0.658824
0.658824
0.658824
0.658824
0.658824
0.619608
0.619608
0.619608
0.619608
0.619608
0.619608
0.623529
0.556863
0.247059
0.623529
0.658824
0.658824
0.658824
0.658824
0.658824
0.658824
0.658824
0.658824
0.658824
0.619608
0.619608
0.619608
0.619608
0.619608
0.619608
0.619608
0.619608
0.619608
0.619608
0.619608
0.619608
0.619608
0.619608
0.619608
0.619608
0.619608
0.619608
0.619608
0.619608
0.619608
0.619608
0.619608
0.619608
0.619608
0.619608
0.658824
0.658824
0.658824
0.658824
0.658824
0.647059
0.294118
0.658824
0.658824
0.658824
0.658824
0.658824
0.658824
0.658824
0.658824
0.658824
0.658824
0.658824
0.658824
0.619608
0.619608
0.619608
0.623529
0.619608
0.643137
0.372549
0.349020
0.643137
0.658824
0.658824
0.658824
0.658824
0.658824
0.658824
0.658824
0.658824
0.658824
0.658824
0.623529
0.619608
0.619608
0.619608
0.619608
0.619608
0.619608
0.619608
0.619608
0.619608
0.619608
0.619608
0.619608
0.619608
0.619608
0.619608
0.619608
0.619608
0.619608
0.619608
0.619608
0.619608
0.619608
0.619608
0.619608
0.623529
0.658824
0.658824
0.658824
0.658824
0.658824
0.313726
0.596078
0.662745
0.662745
0.662745
0.658824
0.658824
0.658824
0.658824
0.658824
0.658824
0.658824
0.658824
0.658824
0.619608
0.619608
0.619608
0.658824
0.682353
0.313726
0.509804
0.654902
0.666667
0.698039
0.698039
0.698039
0.698039
0.698039
0.698039
0.658824
0.658824
0.658824
0.658824
0.658824
0.658824
0.619608
0.619608
0.619608
0.619608
0.619608
0.619608
0.619608
0.619608
0.619608
0.619608
0.619608
0.619608
0.619608
0.619608
0.619608
0.619608
0.619608
0.619608
0.619608
0.619608
0.619608
0.619608
0.658824
0.658824
0.658824
0.658824
0.658824
0.658824
0.623529
0.321569
0.698039
0.698039
0.698039
0.698039
0.698039
0.686275
0.658824
0.658824
0.658824
0.658824
0.658824
0.658824
0.658824
0.619608
0.619608
0.619608
0.639216
0.294118
0.454902
0.698039
0.698039
0.698039
0.698039
0.698039
0.698039
0.698039
0.698039
0.698039
0.698039
0.698039
0.658824
0.658824
0.658824
0.658824
0.619608
0.619608
0.619608
0.619608
0.619608
0.619608
0.619608
0.619608
0.619608
0.619608
0.619608
0.619608
0.619608
0.619608
0.619608
0.619608
0.619608
0.619608
0.619608
0.619608
0.619608
0.658824
0.658824
0.658824
0.658824
0.658824
0.658824
0.662745
0.337255
0.686275
0.698039
0.698039
0.698039
0.698039
0.698039
0.698039
0.698039
0.658824
0.658824
0.658824
0.658824
0.658824
0.658824
0.619608
0.619608
0.607843
0.345098
0.639216
0.533333
0.698039
0.698039
0.698039
0.698039
0.698039
0.737255
0.698039
0.698039
0.698039
0.698039
0.698039
0.698039
0.658824
0.658824
0.658824
0.619608
0.619608
0.619608
0.619608
0.619608
0.619608
0.619608
0.619608
0.619608
0.619608
0.619608
0.619608
0.619608
0.619608
0.619608
0.619608
0.619608
0.619608
0.619608
0.619608
0.619608
0.658824
0.658824
0.658824
0.658824
0.658824
0.698039
0.552941
0.329412
0.698039
0.698039
0.698039
0.698039
0.698039
0.698039
0.698039
0.698039
0.658824
0.658824
0.658824
0.658824
0.658824
0.658824
0.619608
0.568627
0.313726
0.674510
0.545098
0.698039
0.698039
0.725490
0.737255
0.737255
0.737255
0.737255
0.737255
0.737255
0.737255
0.698039
0.698039
0.698039
0.698039
0.658824
0.658824
0.658824
0.619608
0.619608
0.619608
0.619608
0.619608
0.619608
0.619608
0.580392
0.580392
0.580392
0.580392
0.580392
0.619608
0.619608
0.619608
0.619608
0.619608
0.619608
0.619608
0.619608
0.658824
0.658824
0.658824
0.658824
0.698039
0.698039
0.317647
0.607843
0.737255
0.737255
0.737255
0.698039
0.698039
0.698039
0.698039
0.698039
0.698039
0.658824
0.658824
0.658824
0.658824
0.658824
0.584314
0.305882
0.560784
0.666667
0.525490
0.698039
0.737255
0.737255
0.737255
0.737255
0.737255
0.737255
0.737255
0.737255
0.737255
0.737255
0.698039
0.698039
0.698039
0.658824
0.658824
0.619608
0.619608
0.619608
0.619608
0.619608
0.619608
0.619608
0.580392
0.580392
0.580392
0.580392
0.580392
0.580392
0.619608
0.619608
0.619608
0.619608
0.619608
0.619608
0.619608
0.619608
0.658824
0.658824
0.658824
0.698039
0.698039
0.698039
0.537255
0.419608
0.737255
0.737255
0.737255
0.737255
0.737255
0.705882
0.698039
0.698039
0.698039
0.658824
0.658824
0.658824
0.658824
0.619608
0.415686
0.317647
0.658824
0.596078
0.631373
0.698039
0.737255
0.737255
0.737255
0.737255
0.737255
0.737255
0.737255
0.737255
0.737255
0.737255
0.698039
0.698039
0.698039
0.658824
0.658824
0.619608
0.619608
0.619608
0.619608
0.619608
0.619608
0.619608
0.580392
0.580392
0.580392
0.580392
0.580392
0.580392
0.580392
0.619608
0.619608
0.619608
0.619608
0.619608
0.619608
0.619608
0.658824
0.658824
0.658824
0.698039
0.698039
0.698039
0.752941
0.462745
0.752941
0.737255
0.737255
0.737255
0.737255
0.705882
0.698039
0.698039
0.658824
0.658824
0.658824
0.658824
0.658824
0.619608
0.274510
0.560784
0.654902
0.533333
0.698039
0.737255
0.737255
0.737255
0.737255
0.737255
0.737255
0.737255
0.776471
0.776471
0.737255
0.737255
0.737255
0.698039
0.698039
0.658824
0.658824
0.658824
0.619608
0.619608
0.619608
0.619608
0.619608
0.580392
0.580392
0.580392
0.580392
0.580392
0.580392
0.580392
0.580392
0.619608
0.619608
0.619608
0.619608
0.619608
0.627451
0.658824
0.658824
0.658824
0.658824
0.698039
0.698039
0.737255
0.737255
0.639216
0.600000
0.737255
0.737255
0.737255
0.737255
0.737255
0.725490
0.698039
0.658824
0.658824
0.658824
0.658824
0.658824
0.619608
0.258824
0.658824
0.580392
0.635294
0.698039
0.698039
0.737255
0.737255
0.745098
0.776471
0.776471
0.776471
0.776471
0.737255
0.737255
0.737255
0.737255
0.698039
0.698039
0.658824
0.658824
0.619608
0.619608
0.619608
0.619608
0.619608
0.619608
0.580392
0.580392
0.580392
0.580392
0.580392
0.580392
0.580392
0.580392
0.580392
0.619608
0.619608
0.619608
0.619608
0.627451
0.658824
0.658824
0.658824
0.698039
0.698039
0.737255
0.737255
0.737255
0.749020
0.713726
0.713726
0.737255
0.737255
0.737255
0.705882
0.698039
0.698039
0.698039
0.658824
0.658824
0.658824
0.619608
0.619608
0.615686
0.686275
0.545098
0.658824
0.698039
0.698039
0.737255
0.737255
0.737255
0.737255
0.776471
0.737255
0.737255
0.737255
0.737255
0.737255
0.737255
0.698039
0.698039
0.658824
0.658824
0.619608
0.619608
0.619608
0.619608
0.619608
0.580392
0.580392
0.580392
0.580392
0.580392
0.580392
0.580392
0.580392
0.580392
0.580392
0.619608
0.619608
0.619608
0.647059
0.658824
0.658824
0.658824
0.658824
0.698039
0.698039
0.737255
0.737255
0.737255
0.737255
0.674510
0.713726
0.737255
0.737255
0.737255
0.705882
0.698039
0.698039
0.698039
0.658824
0.658824
0.658824
0.658824
0.619608
0.619608
0.603922
0.603922
0.658824
0.698039
0.698039
0.698039
0.725490
0.737255
0.737255
0.737255
0.737255
0.737255
0.737255
0.737255
0.737255
0.737255
0.698039
0.698039
0.658824
0.658824
0.619608
0.619608
0.619608
0.619608
0.619608
0.580392
0.580392
0.580392
0.580392
0.580392
0.580392
0.580392
0.580392
0.580392
0.580392
0.619608
0.619608
0.619608
0.647059
0.658824
0.658824
0.658824
0.658824
0.698039
0.698039
0.698039
0.737255
0.737255
0.737255
0.737255
0.678431
0.737255
0.737255
0.698039
0.698039
0.698039
0.698039
0.658824
0.658824
0.658824
0.658824
0.658824
0.619608
0.650980
0.501961
0.658824
0.658824
0.658824
0.698039
0.698039
0.698039
0.698039
0.698039
0.698039
0.698039
0.698039
0.737255
0.737255
0.737255
0.698039
0.698039
0.658824
0.658824
0.658824
0.619608
0.619608
0.619608
0.619608
0.619608
0.580392
0.580392
0.580392
0.580392
0.580392
0.580392
0.580392
0.580392
0.580392
0.580392
0.619608
0.619608
0.619608
0.619608
0.619608
0.619608
0.658824
0.658824
0.698039
0.698039
0.698039
0.698039
0.737255
0.737255
0.737255
0.545098
0.533333
0.698039
0.698039
0.698039
0.698039
0.698039
0.658824
0.658824
0.658824
0.658824
0.658824
0.619608
0.619608
0.556863
0.658824
0.658824
0.658824
0.698039
0.698039
0.698039
0.698039
0.698039
0.698039
0.698039
0.698039
0.698039
0.698039
0.698039
0.698039
0.698039
0.658824
0.658824
0.658824
0.619608
0.619608
0.619608
0.619608
0.619608
0.619608
0.580392
0.580392
0.580392
0.580392
0.580392
0.580392
0.580392
0.580392
0.580392
0.619608
0.619608
0.619608
0.619608
0.619608
0.619608
0.658824
0.658824
0.658824
0.698039
0.698039
0.698039
0.698039
0.737255
0.737255
0.627451
0.431373
0.698039
0.698039
0.698039
0.698039
0.698039
0.658824
0.658824
0.658824
0.658824
0.658824
0.619608
0.505882
0.607843
0.619608
0.658824
0.658824
0.658824
0.698039
0.698039
0.698039
0.698039
0.698039
0.698039
0.698039
0.698039
0.698039
0.658824
0.658824
0.658824
0.658824
0.658824
0.658824
0.619608
0.619608
0.619608
0.619608
0.619608
0.580392
0.580392
0.580392
0.580392
0.580392
0.580392
0.580392
0.580392
0.580392
0.580392
0.619608
0.619608
0.619608
0.619608
0.619608
0.619608
0.619608
0.658824
0.658824
0.698039
0.658824
0.698039
0.698039
0.698039
0.698039
0.647059
0.345098
0.380392
0.698039
0.666667
0.658824
0.658824
0.658824
0.658824
0.658824
0.658824
0.619608
0.619608
0.572549
0.619608
0.619608
0.658824
0.658824
0.658824
0.658824
0.658824
0.658824
0.658824
0.698039
0.698039
0.658824
0.698039
0.658824
0.658824
0.658824
0.658824
0.658824
0.658824
0.619608
0.619608
0.619608
0.619608
0.607843
0.580392
0.580392
0.580392
0.580392
0.580392
0.580392
0.580392
0.580392
0.580392
0.580392
0.580392
0.580392
0.580392
0.619608
0.619608
0.619608
0.619608
0.619608
0.619608
0.658824
0.658824
0.658824
0.658824
0.658824
0.658824
0.658824
0.698039
0.639216
0.333333
0.658824
0.658824
0.658824
0.658824
0.658824
0.658824
0.658824
0.658824
0.658824
0.658824
0.615686
0.619608
0.619608
0.658824
0.658824
0.658824
0.658824
0.658824
0.658824
0.658824
0.658824
0.658824
0.658824
0.658824
0.658824
0.658824
0.658824
0.658824
0.658824
0.658824
0.619608
0.619608
0.619608
0.619608
0.607843
0.580392
0.580392
0.580392
0.580392
0.580392
0.580392
0.580392
0.580392
0.580392
0.580392
0.580392
0.580392
0.580392
0.580392
0.607843
0.619608
0.619608
0.619608
0.619608
0.619608
0.658824
0.658824
0.658824
0.658824
0.658824
0.658824
0.658824
0.650980
0.305882
0.341176
0.650980
0.658824
0.658824
0.658824
0.658824
0.658824
0.658824
0.658824
0.619608
0.619608
0.619608
0.619608
0.658824
0.658824
0.658824
0.658824
0.658824
0.658824
0.658824
0.658824
0.658824
0.658824
0.658824
0.658824
0.658824
0.658824
0.658824
0.619608
0.619608
0.619608
0.619608
0.619608
0.619608
0.607843
0.580392
0.580392
0.580392
0.580392
0.580392
0.580392
0.580392
0.580392
0.580392
0.580392
0.580392
0.580392
0.580392
0.580392
0.607843
0.619608
0.619608
0.619608
0.619608
0.619608
0.658824
0.658824
0.658824
0.658824
0.658824
0.658824
0.658824
0.658824
0.572549
0.329412
0.650980
0.658824
0.658824
0.658824
0.658824
0.658824
0.658824
0.658824
0.658824
0.619608
0.658824
0.658824
0.658824
0.658824
0.658824
0.658824
0.658824
0.658824
0.658824
0.658824
0.658824
0.658824
0.658824
0.658824
0.658824
0.658824
0.619608
0.619608
0.619608
0.619608
0.619608
0.580392
0.580392
0.580392
0.580392
0.580392
0.580392
0.580392
0.580392
0.580392
0.580392
0.580392
0.580392
0.580392
0.580392
0.580392
0.580392
0.580392
0.607843
0.607843
0.580392
0.619608
0.619608
0.619608
0.619608
0.658824
0.658824
0.658824
0.658824
0.658824
0.658824
0.658824
0.623529
0.266667
0.274510
0.682353
0.658824
0.658824
0.658824
0.658824
0.658824
0.658824
0.658824
0.619608
0.658824
0.658824
0.658824
0.658824
0.658824
0.658824
0.658824
0.658824
0.658824
0.658824
0.658824
0.658824
0.658824
0.658824
0.658824
0.619608
0.619608
0.619608
0.619608
0.619608
0.619608
0.580392
0.607843
0.607843
0.580392
0.580392
0.580392
0.580392
0.580392
0.580392
0.580392
0.580392
0.580392
0.580392
0.580392
0.580392
0.580392
0.580392
0.580392
0.580392
0.580392
0.619608
0.619608
0.619608
0.619608
0.619608
0.619608
0.658824
0.658824
0.658824
0.658824
0.658824
0.658824
0.572549
0.290196
0.650980
0.658824
0.658824
0.658824
0.658824
0.658824
0.658824
0.658824
0.658824
0.658824
0.658824
0.658824
0.658824
0.698039
0.658824
0.658824
0.658824
0.658824
0.658824
0.658824
0.658824
0.658824
0.658824
0.658824
0.619608
0.619608
0.619608
0.619608
0.619608
0.619608
0.580392
0.580392
0.580392
0.580392
0.580392
0.580392
0.580392
0.580392
0.580392
0.580392
0.580392
0.580392
0.580392
0.580392
0.580392
0.580392
0.580392
0.580392
0.580392
0.580392
0.580392
0.619608
0.619608
0.619608
0.619608
0.619608
0.619608
0.619608
0.658824
0.658824
0.658824
0.658824
0.643137
0.266667
0.301961
0.686275
0.658824
0.658824
0.658824
0.658824
0.658824
0.658824
0.658824
0.658824
0.698039
0.698039
0.698039
0.698039
0.698039
0.698039
0.698039
0.698039
0.658824
0.658824
0.658824
0.658824
0.658824
0.658824
0.619608
0.619608
0.619608
0.619608
0.619608
0.580392
0.580392
0.580392
0.580392
0.580392
0.580392
0.580392
0.580392
0.580392
0.580392
0.580392
0.580392
0.580392
0.580392
0.580392
0.580392
0.580392
0.580392
0.580392
0.580392
0.580392
0.580392
0.580392
0.580392
0.619608
0.619608
0.619608
0.619608
0.658824
0.658824
0.658824
0.658824
0.658824
0.658824
0.549020
0.325490
0.721569
0.698039
0.698039
0.698039
0.698039
0.698039
0.698039
0.658824
0.698039
0.698039
0.698039
0.698039
0.698039
0.698039
0.698039
0.698039
0.698039
0.658824
0.658824
0.658824
0.658824
0.658824
0.658824
0.619608
0.619608
0.619608
0.619608
0.619608
0.580392
0.580392
0.580392
0.580392
0.580392
0.580392
0.580392
0.580392
0.580392
0.580392
0.580392
0.580392
0.580392
0.580392
0.580392
0.580392
0.580392
0.580392
0.580392
0.580392
0.580392
0.580392
0.580392
0.580392
0.619608
0.619608
0.619608
0.619608
0.658824
0.658824
0.658824
0.658824
0.658824
0.658824
0.658824
0.309804
0.337255
0.654902
0.698039
0.698039
0.698039
0.698039
0.698039
0.698039
0.698039
0.698039
0.698039
0.698039
0.698039
0.698039
0.698039
0.698039
0.698039
0.698039
0.698039
0.698039
0.658824
0.658824
0.658824
0.619608
0.619608
0.619608
0.619608
0.619608
0.580392
0.580392
0.580392
0.580392
0.580392
0.580392
0.580392
0.580392
0.580392
0.580392
0.580392
0.580392
0.580392
0.580392
0.580392
0.580392
0.580392
0.580392
0.580392
0.580392
0.580392
0.580392
0.580392
0.580392
0.619608
0.619608
0.619608
0.619608
0.658824
0.658824
0.658824
0.658824
0.658824
0.698039
0.705882
0.529412
0.333333
0.717647
0.698039
0.698039
0.698039
0.698039
0.698039
0.698039
0.698039
0.698039
0.698039
0.733333
0.733333
0.733333
0.737255
0.737255
0.733333
0.698039
0.698039
0.698039
0.658824
0.658824
0.658824
0.658824
0.619608
0.619608
0.619608
0.619608
0.580392
0.580392
0.580392
0.580392
0.580392
0.580392
0.580392
0.580392
0.580392
0.580392
0.580392
0.580392
0.580392
0.580392
0.580392
0.580392
0.580392
0.580392
0.580392
0.580392
0.580392
0.580392
0.584314
0.580392
0.619608
0.619608
0.619608
0.619608
0.658824
0.658824
0.658824
0.658824
0.698039
0.698039
0.698039
0.709804
0.439216
0.435294
0.717647
0.698039
0.698039
0.698039
0.698039
0.698039
0.698039
0.737255
0.737255
0.737255
0.737255
0.737255
0.737255
0.737255
0.737255
0.737255
0.737255
0.698039
0.698039
0.658824
0.658824
0.658824
0.619608
0.619608
0.619608
0.580392
0.580392
0.580392
0.580392
0.580392
0.580392
0.580392
0.580392
0.580392
0.580392
0.580392
0.580392
0.580392
0.580392
0.580392
0.580392
0.580392
0.580392
0.580392
0.580392
0.580392
0.580392
0.580392
0.580392
0.619608
0.619608
0.619608
0.619608
0.619608
0.658824
0.658824
0.658824
0.658824
0.698039
0.698039
0.698039
0.698039
0.556863
0.462745
0.737255
0.737255
0.698039
0.698039
0.737255
0.737255
0.737255
0.737255
0.737255
0.737255
0.737255
0.737255
0.737255
0.737255
0.737255
0.737255
0.698039
0.698039
0.698039
0.658824
0.658824
0.658824
0.619608
0.619608
0.580392
0.580392
0.580392
0.580392
0.580392
0.580392
0.580392
0.580392
0.580392
0.580392
0.580392
0.541176
0.580392
0.580392
0.580392
0.580392
0.580392
0.580392
0.580392
0.580392
0.580392
0.580392
0.580392
0.580392
0.580392
0.619608
0.619608
0.619608
0.619608
0.619608
0.658824
0.658824
0.658824
0.658824
0.698039
0.698039
0.698039
0.705882
0.737255
0.572549
0.533333
0.701961
0.737255
0.737255
0.737255
0.737255
0.737255
0.737255
0.737255
0.737255
0.737255
0.760784
0.745098
0.737255
0.737255
0.737255
0.698039
0.698039
0.698039
0.682353
0.658824
0.658824
0.619608
0.619608
0.619608
0.619608
0.580392
0.580392
0.580392
0.580392
0.580392
0.580392
0.580392
0.580392
0.580392
0.580392
0.580392
0.580392
0.580392
0.580392
0.556863
0.580392
0.580392
0.580392
0.580392
0.580392
0.580392
0.580392
0.580392
0.619608
0.619608
0.619608
0.619608
0.643137
0.658824
0.658824
0.658824
0.698039
0.698039
0.698039
0.725490
0.737255
0.737255
0.576471
0.647059
0.784314
0.737255
0.737255
0.737255
0.737255
0.737255
0.737255
0.737255
0.776471
0.776471
0.776471
0.745098
0.737255
0.737255
0.662745
0.686275
0.698039
0.698039
0.698039
0.658824
0.658824
0.619608
0.619608
0.619608
0.580392
0.580392
0.580392
0.580392
0.580392
0.580392
0.580392
0.580392
0.580392
0.580392
0.580392
0.580392
0.580392
0.580392
0.580392
0.580392
0.580392
0.580392
0.580392
0.580392
0.580392
0.580392
0.580392
0.580392
0.580392
0.619608
0.619608
0.619608
0.619608
0.658824
0.658824
0.658824
0.698039
0.698039
0.698039
0.725490
0.737255
0.737255
0.737255
0.619608
0.600000
0.737255
0.737255
0.737255
0.698039
0.737255
0.737255
0.737255
0.776471
0.776471
0.776471
0.745098
0.737255
0.737255
0.698039
0.737255
0.737255
0.698039
0.658824
0.658824
0.658824
0.619608
0.619608
0.619608
0.580392
0.580392
0.580392
0.580392
0.580392
0.580392
0.580392
0.580392
0.580392
0.541176
0.580392
0.541176
0.580392
0.580392
0.580392
0.580392
0.580392
0.580392
0.580392
0.580392
0.580392
0.580392
0.619608
0.580392
0.580392
0.619608
0.619608
0.619608
0.619608
0.658824
0.658824
0.698039
0.698039
0.698039
0.737255
0.737255
0.737255
0.737255
0.737255
0.611765
0.658824
0.800000
0.737255
0.737255
0.721569
0.737255
0.737255
0.737255
0.737255
0.776471
0.776471
0.745098
0.737255
0.737255
0.737255
0.737255
0.721569
0.698039
0.658824
0.603922
0.658824
0.643137
0.619608
0.603922
0.580392
0.580392
0.580392
0.580392
0.580392
0.580392
0.564706
0.541176
0.541176
0.556863
0.580392
0.564706
0.580392
0.580392
0.580392
0.580392
0.580392
0.580392
0.580392
0.580392
0.580392
0.580392
0.580392
0.580392
0.580392
0.619608
0.619608
0.619608
0.619608
0.658824
0.658824
0.658824
0.698039
0.698039
0.721569
0.733333
0.737255
0.737255
0.737255
0.717647
0.662745
0.529412
0.737255
0.737255
0.698039
0.737255
0.737255
0.737255
0.776471
0.737255
0.776471
0.776471
0.764706
0.737255
0.737255
0.737255
0.698039
0.698039
0.658824
0.658824
0.619608
0.619608
0.580392
0.580392
0.580392
0.580392
0.580392
0.549020
0.541176
0.541176
0.541176
0.541176
0.541176
0.580392
0.580392
0.541176
0.580392
0.580392
0.541176
0.580392
0.580392
0.580392
0.580392
0.580392
0.580392
0.580392
0.580392
0.580392
0.580392
0.619608
0.619608
0.619608
0.658824
0.658824
0.658824
0.658824
0.698039
0.698039
0.698039
0.725490
0.737255
0.737255
0.737255
0.737255
0.603922
0.619608
0.737255
0.737255
0.698039
0.698039
0.698039
0.737255
0.737255
0.737255
0.737255
0.737255
0.737255
0.737255
0.698039
0.698039
0.698039
0.658824
0.658824
0.619608
0.619608
0.619608
0.580392
0.580392
0.580392
0.580392
0.541176
0.541176
0.541176
0.541176
0.541176
0.541176
0.541176
0.541176
0.541176
0.541176
0.541176
0.541176
0.541176
0.541176
0.580392
0.580392
0.580392
0.580392
0.568627
0.541176
0.580392
0.580392
0.580392
0.580392
0.619608
0.619608
0.619608
0.619608
0.658824
0.658824
0.658824
0.698039
0.698039
0.698039
0.698039
0.698039
0.737255
0.737255
0.737255
0.603922
0.603922
0.737255
0.694118
0.698039
0.698039
0.698039
0.698039
0.733333
0.698039
0.698039
0.698039
0.698039
0.694118
0.658824
0.658824
0.658824
0.596078
0.619608
0.619608
0.615686
0.580392
0.580392
0.580392
0.541176
0.541176
0.541176
0.541176
0.541176
0.541176
0.541176
0.541176
0.541176
0.541176
0.541176
0.541176
0.541176
0.541176
0.541176
0.541176
0.541176
0.541176
0.568627
0.580392
0.576471
0.580392
0.580392
0.580392
0.580392
0.619608
0.619608
0.619608
0.619608
0.654902
0.658824
0.654902
0.694118
0.698039
0.698039
0.698039
0.698039
0.733333
0.737255
0.737255
0.541176
0.537255
0.721569
0.658824
0.658824
0.658824
0.658824
0.658824
0.698039
0.698039
0.666667
0.658824
0.658824
0.658824
0.658824
0.658824
0.619608
0.619608
0.580392
0.580392
0.580392
0.580392
0.580392
0.580392
0.541176
0.541176
0.541176
0.541176
0.541176
0.541176
0.541176
0.541176
0.541176
0.568627
0.541176
0.541176
0.541176
0.541176
0.541176
0.541176
0.541176
0.580392
0.549020
0.549020
0.580392
0.580392
0.580392
0.580392
0.580392
0.580392
0.580392
0.619608
0.619608
0.619608
0.658824
0.658824
0.658824
0.658824
0.686275
0.698039
0.698039
0.698039
0.698039
0.698039
0.713726
0.501961
0.443137
0.658824
0.658824
0.658824
0.658824
0.658824
0.658824
0.658824
0.658824
0.658824
0.658824
0.658824
0.658824
0.619608
0.619608
0.580392
0.580392
0.580392
0.580392
0.580392
0.541176
0.541176
0.541176
0.541176
0.541176
0.541176
0.541176
0.541176
0.541176
0.541176
0.541176
0.541176
0.541176
0.541176
0.541176
0.541176
0.541176
0.541176
0.541176
0.541176
0.541176
0.541176
0.541176
0.541176
0.580392
0.580392
0.580392
0.580392
0.580392
0.580392
0.580392
0.619608
0.619608
0.619608
0.619608
0.658824
0.658824
0.658824
0.658824
0.658824
0.658824
0.698039
0.698039
0.341176
0.384314
0.619608
0.619608
0.619608
0.658824
0.658824
0.658824
0.658824
0.658824
0.658824
0.658824
0.658824
0.619608
0.619608
0.619608
0.580392
0.580392
0.580392
0.580392
0.580392
0.541176
0.541176
0.541176
0.541176
0.541176
0.541176
0.541176
0.541176
0.541176
0.541176
0.541176
0.541176
0.541176
0.541176
0.541176
0.541176
0.541176
0.541176
0.541176
0.541176
0.541176
0.541176
0.541176
0.541176
0.580392
0.580392
0.580392
0.580392
0.580392
0.580392
0.580392
0.619608
0.619608
0.619608
0.619608
0.658824
0.658824
0.658824
0.658824
0.658824
0.658824
0.658824
0.658824
0.654902
0.345098
0.619608
0.580392
0.619608
0.619608
0.619608
0.619608
0.619608
0.619608
0.619608
0.619608
0.580392
0.619608
0.580392
0.580392
0.580392
0.541176
0.541176
0.541176
0.541176
0.541176
0.541176
0.541176
0.541176
0.541176
0.529412
0.501961
0.501961
0.541176
0.541176
0.541176
0.541176
0.541176
0.541176
0.541176
0.541176
0.541176
0.541176
0.541176
0.541176
0.541176
0.541176
0.541176
0.541176
0.541176
0.541176
0.580392
0.580392
0.580392
0.580392
0.619608
0.619608
0.619608
0.619608
0.619608
0.658824
0.627451
0.627451
0.658824
0.658824
0.658824
0.619608
0.658824
0.658824
0.329412
0.580392
0.580392
0.580392
0.580392
0.580392
0.580392
0.580392
0.580392
0.580392
0.580392
0.541176
0.580392
0.580392
0.580392
0.541176
0.541176
0.541176
0.541176
0.541176
0.541176
0.501961
0.541176
0.541176
0.509804
0.501961
0.501961
0.501961
0.501961
0.501961
0.501961
0.541176
0.501961
0.541176
0.541176
0.541176
0.541176
0.541176
0.541176
0.541176
0.541176
0.541176
0.541176
0.541176
0.541176
0.541176
0.541176
0.541176
0.580392
0.580392
0.580392
0.580392
0.580392
0.580392
0.619608
0.619608
0.619608
0.619608
0.619608
0.619608
0.619608
0.619608
0.619608
0.619608
0.619608
0.541176
0.580392
0.580392
0.580392
0.580392
0.580392
0.580392
0.580392
0.580392
0.580392
0.541176
0.541176
0.541176
0.541176
0.541176
0.541176
0.541176
0.541176
0.541176
0.501961
0.501961
0.501961
0.501961
0.501961
0.501961
0.501961
0.501961
0.501961
0.501961
0.501961
0.541176
0.501961
0.501961
0.501961
0.541176
0.541176
0.541176
0.541176
0.541176
0.541176
0.541176
0.541176
0.541176
0.541176
0.541176
0.541176
0.541176
0.541176
0.580392
0.580392
0.580392
0.580392
0.580392
0.580392
0.619608
0.619608
0.619608
0.619608
0.619608
0.619608
0.619608
0.619608
0.619608
0.619608
0.541176
0.541176
0.541176
0.541176
0.541176
0.541176
0.541176
0.541176
0.541176
0.541176
0.541176
0.541176
0.541176
0.541176
0.541176
0.541176
0.541176
0.501961
0.501961
0.501961
0.501961
0.501961
0.501961
0.501961
0.501961
0.501961
0.501961
0.501961
0.501961
0.501961
0.501961
0.501961
0.501961
0.501961
0.541176
0.541176
0.541176
0.541176
0.541176
0.541176
0.541176
0.541176
0.541176
0.541176
0.541176
0.541176
0.541176
0.541176
0.580392
0.580392
0.580392
0.580392
0.580392
0.580392
0.580392
0.580392
0.580392
0.580392
0.580392
0.580392
0.580392
0.580392
0.580392
0.580392
0.501961
0.501961
0.541176
0.541176
0.541176
0.541176
0.541176
0.541176
0.529412
0.501961
0.501961
0.501961
0.541176
0.501961
0.501961
0.501961
0.501961
0.501961
0.501961
0.501961
0.501961
0.501961
0.501961
0.501961
0.501961
0.501961
0.501961
0.501961
0.501961
0.501961
0.501961
0.501961
0.501961
0.541176
0.541176
0.501961
0.541176
0.541176
0.541176
0.541176
0.541176
0.541176
0.541176
0.541176
0.541176
0.541176
0.541176
0.541176
0.541176
0.580392
0.541176
0.580392
0.580392
0.580392
0.580392
0.580392
0.580392
0.580392
0.580392
0.580392
0.580392
0.580392
0.580392
0.580392
0.501961
0.501961
0.501961
0.501961
0.501961
0.501961
0.501961
0.501961
0.501961
0.501961
0.501961
0.541176
0.501961
0.501961
0.501961
0.501961
0.501961
0.501961
0.501961
0.501961
0.501961
0.501961
0.501961
0.501961
0.501961
0.501961
0.501961
0.501961
0.501961
0.501961
0.501961
0.501961
0.541176
0.541176
0.501961
0.541176
0.541176
0.501961
0.541176
0.541176
0.541176
0.541176
0.541176
0.541176
0.541176
0.541176
0.541176
0.541176
0.541176
0.580392
0.541176
0.541176
0.541176
0.541176
0.580392
0.580392
0.580392
0.580392
0.580392
0.580392
0.580392
0.580392
0.580392
0.580392
0.501961
0.501961
0.501961
0.501961
0.501961
0.501961
0.501961
0.501961
0.501961
0.501961
0.501961
0.501961
0.501961
0.501961
0.501961
0.462745
0.462745
0.501961
0.501961
0.462745
0.462745
0.462745
0.462745
0.462745
0.462745
0.462745
0.501961
0.501961
0.501961
0.501961
0.501961
0.501961
0.501961
0.501961
0.501961
0.501961
0.501961
0.501961
0.501961
0.501961
0.501961
0.501961
0.541176
0.541176
0.541176
0.541176
0.541176
0.541176
0.541176
0.541176
0.541176
0.541176
0.541176
0.541176
0.541176
0.541176
0.541176
0.541176
0.580392
0.580392
0.541176
0.580392
0.541176
0.541176
0.462745
0.462745
0.462745
0.462745
0.462745
0.462745
0.462745
0.462745
0.462745
0.462745
0.462745
0.462745
0.462745
0.462745
0.462745
0.462745
0.462745
0.462745
0.462745
0.462745
0.462745
0.462745
0.462745
0.462745
0.462745
0.462745
0.462745
0.501961
0.501961
0.501961
0.501961
0.501961
0.501961
0.501961
0.501961
0.501961
0.501961
0.501961
0.501961
0.501961
0.501961
0.501961
0.541176
0.501961
0.501961
0.541176
0.541176
0.541176
0.541176
0.541176
0.541176
0.541176
0.541176
0.541176
0.541176
0.541176
0.541176
0.541176
0.541176
0.580392
0.541176
0.541176
0.541176
0.541176
